execution time
3 0.0978250503540039 0.10390615463256836
4 0.148895263671875 0.24395203590393066
5 0.2331247329711914 0.48354101181030273
6 0.42919206619262695 0.9461920261383057
7 0.9789268970489502 2.382802963256836
8 2.0485832691192627 5.092402935028076
9 4.204235076904297 12.612947940826416
10 11.697657108306885 38.83876991271973
11 28.032673120498657 86.4802451133728
12 61.552079916000366 202.2933280467987
13 146.82811880111694 473.07974886894226
14 379.41615295410156


number of patterns checked
3 570.0 912.0
4 4263.0 6666.0
5 11690.0 18458.0
6 19195.0 30250.0
7 47443.0 74332.0
8 104017.0 162496.0
9 254972.0 397600.0
10 516800.0 797392.0
11 1232300.0 1871584.0
12 2184573.0 3300256.0
13 4510830.0 6779690.0
14 12690093.0


number of patterns found
3 40 
 [[[1, -1, -1], [-1, 1, -1], [-1, -1, 1]], [[1, -1, -1], [-1, 1, -1], [-1, -1, 1]], [[1, -1, -1], [-1, 1, -1], [-1, -1, 1]], [[1, -1, -1], [-1, 1, -1], [-1, -1, 1]], [[1, -1, -1], [-1, 1, -1], [-1, -1, 1]], [[1, -1, -1], [-1, 1, -1], [-1, -1, 1]], [[1, -1, -1], [-1, 1, -1], [-1, -1, 1]], [[1, -1, -1], [-1, 1, -1], [-1, -1, 1]], [[1, -1, -1], [-1, 1, -1], [-1, -1, 1]], [[1, -1, -1], [-1, 1, -1], [-1, -1, 1]], [[1, -1, -1], [-1, -1, 1]], [[1, -1, -1], [-1, -1, 1]], [[1, -1, -1], [-1, -1, 1]], [[1, -1, -1], [-1, -1, 1]], [[1, -1, -1], [-1, -1, 1]], [[1, -1, -1], [-1, -1, 1]], [[1, -1, -1], [-1, -1, 1]], [[1, -1, -1], [-1, -1, 1]], [[1, -1, -1], [-1, -1, 1]], [[1, -1, -1], [-1, -1, 1]], [[1, -1, -1], [-1, -1, 1]], [[1, -1, -1], [-1, -1, 1]], [[1, -1, -1], [-1, -1, 1]], [[1, -1, -1], [-1, -1, 1]], [[1, -1, -1], [-1, -1, 1]], [[1, -1, -1], [-1, -1, 1]], [[1, -1, -1], [-1, -1, 1]], [[1, -1, -1], [-1, -1, 1]], [[1, -1, -1], [-1, -1, 1]], [[1, -1, -1], [-1, -1, 1]], [[1, -1, -1], [-1, -1, 1]], [[1, -1, -1], [-1, -1, 1]], [[1, -1, -1], [-1, -1, 1]], [[1, -1, -1], [-1, -1, 1]], [[1, -1, -1], [-1, -1, 1]], [[1, -1, -1], [-1, -1, 1]], [[1, -1, -1], [-1, -1, 1]], [[1, -1, -1], [-1, -1, 1]], [[1, -1, -1], [-1, -1, 1]], [[1, -1, -1], [-1, -1, 1]]]
4 40 
 [[[1, -1, -1, -1], [-1, 1, -1, -1], [-1, -1, 1, -1], [-1, -1, -1, 1]], [[1, -1, -1, -1], [-1, 1, -1, -1], [-1, -1, 1, -1], [-1, -1, -1, 1]], [[1, -1, -1, -1], [-1, 1, -1, -1], [-1, -1, 1, -1], [-1, -1, -1, 1]], [[1, -1, -1, -1], [-1, 1, -1, -1], [-1, -1, 1, -1], [-1, -1, -1, 1]], [[1, -1, -1, -1], [-1, 1, -1, -1], [-1, -1, 1, -1], [-1, -1, -1, 1]], [[1, -1, -1, -1], [-1, 1, -1, -1], [-1, -1, 1, -1], [-1, -1, -1, 1]], [[1, -1, -1, -1], [-1, 1, -1, -1], [-1, -1, 1, -1], [-1, -1, -1, 1]], [[1, -1, -1, -1], [-1, 1, -1, -1], [-1, -1, 1, -1], [-1, -1, -1, 1]], [[1, -1, -1, -1], [-1, 1, -1, -1], [-1, -1, 1, -1], [-1, -1, -1, 1]], [[1, -1, -1, -1], [-1, 1, -1, -1], [-1, -1, 1, -1], [-1, -1, -1, 1]], [[1, -1, -1, -1], [-1, -1, 1, -1], [-1, -1, -1, 1]], [[1, -1, -1, -1], [-1, -1, 1, -1], [-1, -1, -1, 1]], [[1, -1, -1, -1], [-1, -1, 1, -1]], [[1, -1, -1, -1], [-1, -1, 1, -1], [-1, 1, -1, 0]], [[1, -1, -1, -1], [-1, -1, 1, -1], [-1, 1, -1, 0]], [[1, -1, -1, -1], [-1, -1, 1, -1], [-1, 1, -1, 0]], [[1, -1, -1, -1], [-1, -1, 1, -1], [-1, 1, -1, 0]], [[1, -1, -1, -1], [-1, -1, 1, -1], [-1, 1, -1, 0]], [[1, -1, -1, -1], [-1, -1, 1, -1], [-1, 1, -1, 0]], [[1, -1, -1, -1], [-1, -1, 1, -1]], [[1, -1, -1, -1], [-1, -1, 1, -1]], [[1, -1, -1, -1], [-1, -1, 1, -1]], [[1, -1, -1, -1], [-1, -1, 1, -1]], [[1, -1, -1, -1], [-1, -1, 1, -1]], [[1, -1, -1, -1], [-1, -1, 1, -1]], [[1, -1, -1, -1], [-1, -1, 1, -1]], [[1, -1, -1, -1], [-1, -1, 1, -1]], [[1, -1, -1, -1], [-1, -1, 1, -1]], [[1, -1, -1, -1], [-1, -1, 1, -1]], [[1, -1, -1, -1], [-1, -1, 1, -1]], [[1, -1, -1, -1], [-1, -1, 1, -1]], [[1, -1, -1, -1], [-1, -1, 1, -1]], [[1, -1, -1, -1], [-1, -1, 1, -1]], [[1, -1, -1, -1], [-1, -1, 1, -1]], [[1, -1, -1, -1], [-1, -1, 1, -1]], [[1, -1, -1, -1], [-1, -1, 1, -1]], [[1, -1, -1, -1], [-1, -1, 1, -1]], [[1, -1, -1, -1], [-1, -1, 1, -1]], [[1, -1, -1, -1], [-1, -1, 1, -1]], [[1, -1, -1, -1], [-1, -1, 1, -1]]]
5 40 
 [[[1, -1, -1, -1, -1], [-1, 1, -1, -1, -1], [-1, -1, 1, -1, -1], [-1, -1, -1, 1, -1]], [[1, -1, -1, -1, -1], [-1, 1, -1, -1, -1], [-1, -1, 1, -1, -1], [-1, -1, -1, 1, -1]], [[1, -1, -1, -1, -1], [-1, 1, -1, -1, -1], [-1, -1, 1, -1, -1], [-1, -1, -1, 1, -1]], [[1, -1, -1, -1, -1], [-1, 1, -1, -1, -1], [-1, -1, 1, -1, -1], [-1, -1, -1, 1, -1]], [[1, -1, -1, -1, -1], [-1, 1, -1, -1, -1], [-1, -1, 1, -1, -1], [-1, -1, -1, 1, -1]], [[1, -1, -1, -1, -1], [-1, 1, -1, -1, -1], [-1, -1, 1, -1, -1], [-1, -1, -1, 1, -1]], [[1, -1, -1, -1, -1], [-1, 1, -1, -1, -1], [-1, -1, 1, -1, -1], [-1, -1, -1, 1, -1]], [[1, -1, -1, -1, -1], [-1, 1, -1, -1, -1], [-1, -1, 1, -1, -1], [-1, -1, -1, 1, -1]], [[1, -1, -1, -1, -1], [-1, 1, -1, -1, -1], [-1, -1, 1, -1, -1], [-1, -1, -1, 1, -1]], [[1, -1, -1, -1, -1], [-1, 1, -1, -1, -1], [-1, -1, 1, -1, -1], [-1, -1, -1, 1, -1]], [[1, -1, -1, -1, -1], [-1, -1, 1, -1, -1], [-1, -1, -1, 1, -1]], [[1, -1, -1, -1, -1], [-1, -1, 1, -1, -1], [-1, -1, -1, 1, -1]], [[1, -1, -1, -1, -1], [-1, -1, 1, -1, -1]], [[1, -1, -1, -1, -1], [-1, -1, 1, -1, -1], [-1, 1, -1, 0, -1]], [[1, -1, -1, -1, -1], [-1, -1, 1, -1, -1], [-1, 1, -1, 0, -1]], [[1, -1, -1, -1, -1], [-1, -1, 1, -1, -1], [-1, 1, -1, 0, -1]], [[1, -1, -1, -1, -1], [-1, -1, 1, -1, -1], [-1, 1, -1, 0, -1]], [[1, -1, -1, -1, -1], [-1, -1, 1, -1, -1], [-1, 1, -1, 0, -1]], [[1, -1, -1, -1, -1], [-1, -1, 1, -1, -1], [-1, 1, -1, 0, -1]], [[1, -1, -1, -1, -1], [-1, -1, 1, -1, -1]], [[1, -1, -1, -1, -1], [-1, -1, 1, -1, -1]], [[1, -1, -1, -1, -1], [-1, -1, 1, -1, -1]], [[1, -1, -1, -1, -1], [-1, -1, 1, -1, -1]], [[1, -1, -1, -1, -1], [-1, -1, 1, -1, -1]], [[1, -1, -1, -1, -1], [-1, -1, 1, -1, -1]], [[1, -1, -1, -1, -1], [-1, -1, 1, -1, -1]], [[1, -1, -1, -1, -1], [-1, -1, 1, -1, -1]], [[1, -1, -1, -1, -1], [-1, -1, 1, -1, -1]], [[1, -1, -1, -1, -1], [-1, -1, 1, -1, -1]], [[1, -1, -1, -1, -1], [-1, -1, 1, -1, -1]], [[1, -1, -1, -1, -1], [-1, -1, 1, -1, -1]], [[1, -1, -1, -1, -1], [-1, -1, 1, -1, -1]], [[1, -1, -1, -1, -1], [-1, -1, 1, -1, -1]], [[1, -1, -1, -1, -1], [-1, -1, 1, -1, -1]], [[1, -1, -1, -1, -1], [-1, -1, 1, -1, -1]], [[1, -1, -1, -1, -1], [-1, -1, 1, -1, -1]], [[1, -1, -1, -1, -1], [-1, -1, 1, -1, -1]], [[1, -1, -1, -1, -1], [-1, -1, 1, -1, -1]], [[1, -1, -1, -1, -1], [-1, -1, 1, -1, -1]], [[1, -1, -1, -1, -1], [-1, -1, 1, -1, -1]]]
6 40 
 [[[1, -1, -1, -1, -1, -1], [-1, 1, -1, -1, -1, -1], [-1, -1, 1, -1, -1, -1], [-1, -1, -1, 1, -1, -1], [-1, -1, -1, -1, -1, 1]], [[1, -1, -1, -1, -1, -1], [-1, 1, -1, -1, -1, -1], [-1, -1, 1, -1, -1, -1], [-1, -1, -1, 1, -1, -1]], [[1, -1, -1, -1, -1, -1], [-1, 1, -1, -1, -1, -1], [-1, -1, 1, -1, -1, -1], [-1, -1, -1, 1, -1, -1]], [[1, -1, -1, -1, -1, -1], [-1, 1, -1, -1, -1, -1], [-1, -1, 1, -1, -1, -1], [-1, -1, -1, 1, -1, -1]], [[1, -1, -1, -1, -1, -1], [-1, 1, -1, -1, -1, -1], [-1, -1, 1, -1, -1, -1], [-1, -1, -1, 1, -1, -1], [-1, -1, -1, 0, -1, 1]], [[1, -1, -1, -1, -1, -1], [-1, 1, -1, -1, -1, -1], [-1, -1, 1, -1, -1, -1], [-1, -1, -1, 1, -1, -1], [-1, -1, -1, 0, -1, 1]], [[1, -1, -1, -1, -1, -1], [-1, 1, -1, -1, -1, -1], [-1, -1, 1, -1, -1, -1], [-1, -1, -1, 1, -1, -1], [-1, -1, -1, -1, -1, 1]], [[1, -1, -1, -1, -1, -1], [-1, 1, -1, -1, -1, -1], [-1, -1, 1, -1, -1, -1], [-1, -1, -1, 1, -1, -1]], [[1, -1, -1, -1, -1, -1], [-1, 1, -1, -1, -1, -1], [-1, -1, 1, -1, -1, -1], [-1, -1, -1, 1, -1, -1], [-1, -1, -1, 0, -1, 1]], [[1, -1, -1, -1, -1, -1], [-1, 1, -1, -1, -1, -1], [-1, -1, 1, -1, -1, -1], [-1, -1, -1, 1, -1, -1]], [[1, -1, -1, -1, -1, -1], [-1, -1, 1, -1, -1, -1], [-1, -1, -1, 1, -1, -1]], [[1, -1, -1, -1, -1, -1], [-1, -1, 1, -1, -1, -1], [-1, -1, -1, 1, -1, -1]], [[1, -1, -1, -1, -1, -1], [-1, -1, 1, -1, -1, -1]], [[1, -1, -1, -1, -1, -1], [-1, -1, 1, -1, -1, -1], [-1, 1, -1, 0, -1, -1]], [[1, -1, -1, -1, -1, -1], [-1, -1, 1, -1, -1, -1], [-1, 1, -1, 0, -1, -1]], [[1, -1, -1, -1, -1, -1], [-1, -1, 1, -1, -1, -1], [-1, 1, -1, 0, -1, -1]], [[1, -1, -1, -1, -1, -1], [-1, -1, 1, -1, -1, -1], [-1, 1, -1, 0, -1, -1]], [[1, -1, -1, -1, -1, -1], [-1, -1, 1, -1, -1, -1], [-1, 1, -1, 0, -1, -1]], [[1, -1, -1, -1, -1, -1], [-1, -1, 1, -1, -1, -1], [-1, 1, -1, 0, -1, -1]], [[1, -1, -1, -1, -1, -1], [-1, -1, 1, -1, -1, -1]], [[1, -1, -1, -1, -1, -1], [-1, -1, 1, -1, -1, -1]], [[1, -1, -1, -1, -1, -1], [-1, -1, 1, -1, -1, -1], [-1, -1, -1, 0, -1, 1]], [[1, -1, -1, -1, -1, -1], [-1, -1, 1, -1, -1, -1]], [[1, -1, -1, -1, -1, -1], [-1, -1, 1, -1, -1, -1]], [[1, -1, -1, -1, -1, -1], [-1, -1, 1, -1, -1, -1]], [[1, -1, -1, -1, -1, -1], [-1, -1, 1, -1, -1, -1]], [[1, -1, -1, -1, -1, -1], [-1, -1, 1, -1, -1, -1]], [[1, -1, -1, -1, -1, -1], [-1, -1, 1, -1, -1, -1]], [[1, -1, -1, -1, -1, -1], [-1, -1, 1, -1, -1, -1]], [[1, -1, -1, -1, -1, -1], [-1, -1, 1, -1, -1, -1]], [[1, -1, -1, -1, -1, -1], [-1, -1, 1, -1, -1, -1]], [[1, -1, -1, -1, -1, -1], [-1, -1, 1, -1, -1, -1]], [[1, -1, -1, -1, -1, -1], [-1, -1, 1, -1, -1, -1]], [[1, -1, -1, -1, -1, -1], [-1, -1, 1, -1, -1, -1]], [[1, -1, -1, -1, -1, -1], [-1, -1, 1, -1, -1, -1]], [[1, -1, -1, -1, -1, -1], [-1, -1, 1, -1, -1, -1]], [[1, -1, -1, -1, -1, -1], [-1, -1, 1, -1, -1, -1]], [[1, -1, -1, -1, -1, -1], [-1, -1, 1, -1, -1, -1]], [[1, -1, -1, -1, -1, -1], [-1, -1, 1, -1, -1, -1]], [[1, -1, -1, -1, -1, -1], [-1, -1, 1, -1, -1, -1]]]
7 40 
 [[[1, -1, -1, -1, -1, -1, -1], [-1, 1, -1, -1, -1, -1, -1], [-1, -1, 1, -1, -1, -1, -1], [-1, -1, -1, 1, -1, -1, -1], [-1, -1, -1, -1, -1, 1, -1]], [[1, -1, -1, -1, -1, -1, -1], [-1, 1, -1, -1, -1, -1, -1], [-1, -1, 1, -1, -1, -1, -1], [-1, -1, -1, 1, -1, -1, -1]], [[1, -1, -1, -1, -1, -1, -1], [-1, 1, -1, -1, -1, -1, -1], [-1, -1, 1, -1, -1, -1, -1], [-1, -1, -1, 1, -1, -1, -1]], [[1, -1, -1, -1, -1, -1, -1], [-1, 1, -1, -1, -1, -1, -1], [-1, -1, 1, -1, -1, -1, -1], [-1, -1, -1, 1, -1, -1, -1]], [[1, -1, -1, -1, -1, -1, -1], [-1, 1, -1, -1, -1, -1, -1], [-1, -1, 1, -1, -1, -1, -1], [-1, -1, -1, 1, -1, -1, -1], [-1, -1, -1, 0, -1, 1, -1]], [[1, -1, -1, -1, -1, -1, -1], [-1, 1, -1, -1, -1, -1, -1], [-1, -1, 1, -1, -1, -1, -1], [-1, -1, -1, 1, -1, -1, -1], [-1, -1, -1, 0, -1, 1, -1]], [[1, -1, -1, -1, -1, -1, -1], [-1, 1, -1, -1, -1, -1, -1], [-1, -1, 1, -1, -1, -1, -1], [-1, -1, -1, 1, -1, -1, -1], [-1, -1, -1, -1, -1, 1, -1]], [[1, -1, -1, -1, -1, -1, -1], [-1, 1, -1, -1, -1, -1, -1], [-1, -1, 1, -1, -1, -1, -1], [-1, -1, -1, 1, -1, -1, -1]], [[1, -1, -1, -1, -1, -1, -1], [-1, 1, -1, -1, -1, -1, -1], [-1, -1, 1, -1, -1, -1, -1], [-1, -1, -1, 1, -1, -1, -1], [-1, -1, -1, 0, -1, 1, -1]], [[1, -1, -1, -1, -1, -1, -1], [-1, 1, -1, -1, -1, -1, -1], [-1, -1, 1, -1, -1, -1, -1], [-1, -1, -1, 1, -1, -1, -1]], [[1, -1, -1, -1, -1, -1, -1], [-1, -1, 1, -1, -1, -1, -1], [-1, -1, -1, 1, -1, -1, -1]], [[1, -1, -1, -1, -1, -1, -1], [-1, -1, 1, -1, -1, -1, -1], [-1, -1, -1, 1, -1, -1, -1]], [[1, -1, -1, -1, -1, -1, -1], [-1, -1, 1, -1, -1, -1, -1]], [[1, -1, -1, -1, -1, -1, -1], [-1, -1, 1, -1, -1, -1, -1], [-1, 1, -1, 0, -1, -1, -1]], [[1, -1, -1, -1, -1, -1, -1], [-1, -1, 1, -1, -1, -1, -1], [-1, 1, -1, 0, -1, -1, -1]], [[1, -1, -1, -1, -1, -1, -1], [-1, -1, 1, -1, -1, -1, -1], [-1, 1, -1, 0, -1, -1, -1]], [[1, -1, -1, -1, -1, -1, -1], [-1, -1, 1, -1, -1, -1, -1], [-1, 1, -1, 0, -1, -1, -1]], [[1, -1, -1, -1, -1, -1, -1], [-1, -1, 1, -1, -1, -1, -1], [-1, 1, -1, 0, -1, -1, -1]], [[1, -1, -1, -1, -1, -1, -1], [-1, -1, 1, -1, -1, -1, -1], [-1, 1, -1, 0, -1, -1, -1]], [[1, -1, -1, -1, -1, -1, -1], [-1, -1, 1, -1, -1, -1, -1]], [[1, -1, -1, -1, -1, -1, -1], [-1, -1, 1, -1, -1, -1, -1]], [[1, -1, -1, -1, -1, -1, -1], [-1, -1, 1, -1, -1, -1, -1], [-1, -1, -1, 0, -1, 1, -1]], [[1, -1, -1, -1, -1, -1, -1], [-1, -1, 1, -1, -1, -1, -1]], [[1, -1, -1, -1, -1, -1, -1], [-1, -1, 1, -1, -1, -1, -1]], [[1, -1, -1, -1, -1, -1, -1], [-1, -1, 1, -1, -1, -1, -1]], [[1, -1, -1, -1, -1, -1, -1], [-1, -1, 1, -1, -1, -1, -1]], [[1, -1, -1, -1, -1, -1, -1], [-1, -1, 1, -1, -1, -1, -1]], [[1, -1, -1, -1, -1, -1, -1], [-1, -1, 1, -1, -1, -1, -1]], [[1, -1, -1, -1, -1, -1, -1], [-1, -1, 1, -1, -1, -1, -1]], [[1, -1, -1, -1, -1, -1, -1], [-1, -1, 1, -1, -1, -1, -1]], [[1, -1, -1, -1, -1, -1, -1], [-1, -1, 1, -1, -1, -1, -1]], [[1, -1, -1, -1, -1, -1, -1], [-1, -1, 1, -1, -1, -1, -1]], [[1, -1, -1, -1, -1, -1, -1], [-1, -1, 1, -1, -1, -1, -1]], [[1, -1, -1, -1, -1, -1, -1], [-1, -1, 1, -1, -1, -1, -1]], [[1, -1, -1, -1, -1, -1, -1], [-1, -1, 1, -1, -1, -1, -1]], [[1, -1, -1, -1, -1, -1, -1], [-1, -1, 1, -1, -1, -1, -1]], [[1, -1, -1, -1, -1, -1, -1], [-1, -1, 1, -1, -1, -1, -1]], [[1, -1, -1, -1, -1, -1, -1], [-1, -1, 1, -1, -1, -1, -1]], [[1, -1, -1, -1, -1, -1, -1], [-1, -1, 1, -1, -1, -1, -1]], [[1, -1, -1, -1, -1, -1, -1], [-1, -1, 1, -1, -1, -1, -1]]]
8 40 
 [[[1, -1, -1, -1, -1, -1, -1, -1], [-1, 1, -1, -1, -1, -1, -1, -1], [-1, -1, 1, -1, -1, -1, -1, -1], [-1, -1, -1, 1, -1, -1, -1, -1], [-1, -1, -1, -1, -1, 1, -1, -1]], [[1, -1, -1, -1, -1, -1, -1, -1], [-1, 1, -1, -1, -1, -1, -1, -1], [-1, -1, 1, -1, -1, -1, -1, -1], [-1, -1, -1, 1, -1, -1, -1, -1]], [[1, -1, -1, -1, -1, -1, -1, -1], [-1, 1, -1, -1, -1, -1, -1, -1], [-1, -1, 1, -1, -1, -1, -1, -1], [-1, -1, -1, 1, -1, -1, -1, -1]], [[1, -1, -1, -1, -1, -1, -1, -1], [-1, 1, -1, -1, -1, -1, -1, -1], [-1, -1, 1, -1, -1, -1, -1, -1], [-1, -1, -1, 1, -1, -1, -1, -1]], [[1, -1, -1, -1, -1, -1, -1, -1], [-1, 1, -1, -1, -1, -1, -1, -1], [-1, -1, 1, -1, -1, -1, -1, -1], [-1, -1, -1, 1, -1, -1, -1, -1], [-1, -1, -1, 0, -1, 1, -1, -1]], [[1, -1, -1, -1, -1, -1, -1, -1], [-1, 1, -1, -1, -1, -1, -1, -1], [-1, -1, 1, -1, -1, -1, -1, -1], [-1, -1, -1, 1, -1, -1, -1, -1], [-1, -1, -1, 0, -1, 1, -1, -1]], [[1, -1, -1, -1, -1, -1, -1, -1], [-1, 1, -1, -1, -1, -1, -1, -1], [-1, -1, 1, -1, -1, -1, -1, -1], [-1, -1, -1, 1, -1, -1, -1, -1], [-1, -1, -1, -1, -1, 1, -1, -1]], [[1, -1, -1, -1, -1, -1, -1, -1], [-1, 1, -1, -1, -1, -1, -1, -1], [-1, -1, 1, -1, -1, -1, -1, -1], [-1, -1, -1, 1, -1, -1, -1, -1]], [[1, -1, -1, -1, -1, -1, -1, -1], [-1, 1, -1, -1, -1, -1, -1, -1], [-1, -1, 1, -1, -1, -1, -1, -1], [-1, -1, -1, 1, -1, -1, -1, -1], [-1, -1, -1, 0, -1, 1, -1, -1]], [[1, -1, -1, -1, -1, -1, -1, -1], [-1, 1, -1, -1, -1, -1, -1, -1], [-1, -1, 1, -1, -1, -1, -1, -1], [-1, -1, -1, 1, -1, -1, -1, -1]], [[1, -1, -1, -1, -1, -1, -1, -1], [-1, -1, 1, -1, -1, -1, -1, -1], [-1, -1, -1, 1, -1, -1, -1, -1]], [[1, -1, -1, -1, -1, -1, -1, -1], [-1, -1, 1, -1, -1, -1, -1, -1], [-1, -1, -1, 1, -1, -1, -1, -1]], [[1, -1, -1, -1, -1, -1, -1, -1], [-1, -1, 1, -1, -1, -1, -1, -1]], [[1, -1, -1, -1, -1, -1, -1, -1], [-1, -1, 1, -1, -1, -1, -1, -1], [-1, 1, -1, 0, -1, -1, -1, -1]], [[1, -1, -1, -1, -1, -1, -1, -1], [-1, -1, 1, -1, -1, -1, -1, -1], [-1, 1, -1, 0, -1, -1, -1, -1]], [[1, -1, -1, -1, -1, -1, -1, -1], [-1, -1, 1, -1, -1, -1, -1, -1], [-1, 1, -1, 0, -1, -1, -1, -1]], [[1, -1, -1, -1, -1, -1, -1, -1], [-1, -1, 1, -1, -1, -1, -1, -1], [-1, 1, -1, 0, -1, -1, -1, -1]], [[1, -1, -1, -1, -1, -1, -1, -1], [-1, -1, 1, -1, -1, -1, -1, -1], [-1, 1, -1, 0, -1, -1, -1, -1]], [[1, -1, -1, -1, -1, -1, -1, -1], [-1, -1, 1, -1, -1, -1, -1, -1], [-1, 1, -1, 0, -1, -1, -1, -1]], [[1, -1, -1, -1, -1, -1, -1, -1], [-1, -1, 1, -1, -1, -1, -1, -1]], [[1, -1, -1, -1, -1, -1, -1, -1], [-1, -1, 1, -1, -1, -1, -1, -1]], [[1, -1, -1, -1, -1, -1, -1, -1], [-1, -1, 1, -1, -1, -1, -1, -1], [-1, -1, -1, 0, -1, 1, -1, -1]], [[1, -1, -1, -1, -1, -1, -1, -1], [-1, -1, 1, -1, -1, -1, -1, -1]], [[1, -1, -1, -1, -1, -1, -1, -1], [-1, -1, 1, -1, -1, -1, -1, -1]], [[1, -1, -1, -1, -1, -1, -1, -1], [-1, -1, 1, -1, -1, -1, -1, -1]], [[1, -1, -1, -1, -1, -1, -1, -1], [-1, -1, 1, -1, -1, -1, -1, -1]], [[1, -1, -1, -1, -1, -1, -1, -1], [-1, -1, 1, -1, -1, -1, -1, -1]], [[1, -1, -1, -1, -1, -1, -1, -1], [-1, -1, 1, -1, -1, -1, -1, -1]], [[1, -1, -1, -1, -1, -1, -1, -1], [-1, -1, 1, -1, -1, -1, -1, -1]], [[1, -1, -1, -1, -1, -1, -1, -1], [-1, -1, 1, -1, -1, -1, -1, -1]], [[1, -1, -1, -1, -1, -1, -1, -1], [-1, -1, 1, -1, -1, -1, -1, -1]], [[1, -1, -1, -1, -1, -1, -1, -1], [-1, -1, 1, -1, -1, -1, -1, -1]], [[1, -1, -1, -1, -1, -1, -1, -1], [-1, -1, 1, -1, -1, -1, -1, -1]], [[1, -1, -1, -1, -1, -1, -1, -1], [-1, -1, 1, -1, -1, -1, -1, -1]], [[1, -1, -1, -1, -1, -1, -1, -1], [-1, -1, 1, -1, -1, -1, -1, -1]], [[1, -1, -1, -1, -1, -1, -1, -1], [-1, -1, 1, -1, -1, -1, -1, -1]], [[1, -1, -1, -1, -1, -1, -1, -1], [-1, -1, 1, -1, -1, -1, -1, -1]], [[1, -1, -1, -1, -1, -1, -1, -1], [-1, -1, 1, -1, -1, -1, -1, -1]], [[1, -1, -1, -1, -1, -1, -1, -1], [-1, -1, 1, -1, -1, -1, -1, -1]], [[1, -1, -1, -1, -1, -1, -1, -1], [-1, -1, 1, -1, -1, -1, -1, -1]]]
9 40 
 [[[1, -1, -1, -1, -1, -1, -1, -1, -1], [-1, 1, -1, -1, -1, -1, -1, -1, -1], [-1, -1, 1, -1, -1, -1, -1, -1, -1], [-1, -1, -1, 1, -1, -1, -1, -1, -1], [-1, -1, -1, -1, -1, 1, -1, -1, -1]], [[1, -1, -1, -1, -1, -1, -1, -1, -1], [-1, 1, -1, -1, -1, -1, -1, -1, -1], [-1, -1, 1, -1, -1, -1, -1, -1, -1], [-1, -1, -1, 1, -1, -1, -1, -1, -1]], [[1, -1, -1, -1, -1, -1, -1, -1, -1], [-1, 1, -1, -1, -1, -1, -1, -1, -1], [-1, -1, 1, -1, -1, -1, -1, -1, -1], [-1, -1, -1, 1, -1, -1, -1, -1, -1]], [[1, -1, -1, -1, -1, -1, -1, -1, -1], [-1, 1, -1, -1, -1, -1, -1, -1, -1], [-1, -1, 1, -1, -1, -1, -1, -1, -1], [-1, -1, -1, 1, -1, -1, -1, -1, -1]], [[1, -1, -1, -1, -1, -1, -1, -1, -1], [-1, 1, -1, -1, -1, -1, -1, -1, -1], [-1, -1, 1, -1, -1, -1, -1, -1, -1], [-1, -1, -1, 1, -1, -1, -1, -1, -1], [-1, -1, -1, 0, -1, 1, -1, -1, -1]], [[1, -1, -1, -1, -1, -1, -1, -1, -1], [-1, 1, -1, -1, -1, -1, -1, -1, -1], [-1, -1, 1, -1, -1, -1, -1, -1, -1], [-1, -1, -1, 1, -1, -1, -1, -1, -1], [-1, -1, -1, 0, -1, 1, -1, -1, -1]], [[1, -1, -1, -1, -1, -1, -1, -1, -1], [-1, 1, -1, -1, -1, -1, -1, -1, -1], [-1, -1, 1, -1, -1, -1, -1, -1, -1], [-1, -1, -1, 1, -1, -1, -1, -1, -1], [-1, -1, -1, -1, -1, 1, -1, -1, -1]], [[1, -1, -1, -1, -1, -1, -1, -1, -1], [-1, 1, -1, -1, -1, -1, -1, -1, -1], [-1, -1, 1, -1, -1, -1, -1, -1, -1], [-1, -1, -1, 1, -1, -1, -1, -1, -1]], [[1, -1, -1, -1, -1, -1, -1, -1, -1], [-1, 1, -1, -1, -1, -1, -1, -1, -1], [-1, -1, 1, -1, -1, -1, -1, -1, -1], [-1, -1, -1, 1, -1, -1, -1, -1, -1], [-1, -1, -1, 0, -1, 1, -1, -1, -1]], [[1, -1, -1, -1, -1, -1, -1, -1, -1], [-1, 1, -1, -1, -1, -1, -1, -1, -1], [-1, -1, 1, -1, -1, -1, -1, -1, -1], [-1, -1, -1, 1, -1, -1, -1, -1, -1]], [[1, -1, -1, -1, -1, -1, -1, -1, -1], [-1, -1, 1, -1, -1, -1, -1, -1, -1], [-1, -1, -1, 1, -1, -1, -1, -1, -1]], [[1, -1, -1, -1, -1, -1, -1, -1, -1], [-1, -1, 1, -1, -1, -1, -1, -1, -1], [-1, -1, -1, 1, -1, -1, -1, -1, -1]], [[1, -1, -1, -1, -1, -1, -1, -1, -1], [-1, -1, 1, -1, -1, -1, -1, -1, -1]], [[1, -1, -1, -1, -1, -1, -1, -1, -1], [-1, -1, 1, -1, -1, -1, -1, -1, -1], [-1, 1, -1, 0, -1, -1, -1, -1, -1]], [[1, -1, -1, -1, -1, -1, -1, -1, -1], [-1, -1, 1, -1, -1, -1, -1, -1, -1], [-1, 1, -1, 0, -1, -1, -1, -1, -1]], [[1, -1, -1, -1, -1, -1, -1, -1, -1], [-1, -1, 1, -1, -1, -1, -1, -1, -1], [-1, 1, -1, 0, -1, -1, -1, -1, -1]], [[1, -1, -1, -1, -1, -1, -1, -1, -1], [-1, -1, 1, -1, -1, -1, -1, -1, -1], [-1, 1, -1, 0, -1, -1, -1, -1, -1]], [[1, -1, -1, -1, -1, -1, -1, -1, -1], [-1, -1, 1, -1, -1, -1, -1, -1, -1], [-1, 1, -1, 0, -1, -1, -1, -1, -1]], [[1, -1, -1, -1, -1, -1, -1, -1, -1], [-1, -1, 1, -1, -1, -1, -1, -1, -1], [-1, 1, -1, 0, -1, -1, -1, -1, -1]], [[1, -1, -1, -1, -1, -1, -1, -1, -1], [-1, -1, 1, -1, -1, -1, -1, -1, -1]], [[1, -1, -1, -1, -1, -1, -1, -1, -1], [-1, -1, 1, -1, -1, -1, -1, -1, -1]], [[1, -1, -1, -1, -1, -1, -1, -1, -1], [-1, -1, 1, -1, -1, -1, -1, -1, -1], [-1, -1, -1, 0, -1, 1, -1, -1, -1]], [[1, -1, -1, -1, -1, -1, -1, -1, -1], [-1, -1, 1, -1, -1, -1, -1, -1, -1]], [[1, -1, -1, -1, -1, -1, -1, -1, -1], [-1, -1, 1, -1, -1, -1, -1, -1, -1]], [[1, -1, -1, -1, -1, -1, -1, -1, -1], [-1, -1, 1, -1, -1, -1, -1, -1, -1]], [[1, -1, -1, -1, -1, -1, -1, -1, -1], [-1, -1, 1, -1, -1, -1, -1, -1, -1]], [[1, -1, -1, -1, -1, -1, -1, -1, -1], [-1, -1, 1, -1, -1, -1, -1, -1, -1]], [[1, -1, -1, -1, -1, -1, -1, -1, -1], [-1, -1, 1, -1, -1, -1, -1, -1, -1]], [[1, -1, -1, -1, -1, -1, -1, -1, -1], [-1, -1, 1, -1, -1, -1, -1, -1, -1]], [[1, -1, -1, -1, -1, -1, -1, -1, -1], [-1, -1, 1, -1, -1, -1, -1, -1, -1]], [[1, -1, -1, -1, -1, -1, -1, -1, -1], [-1, -1, 1, -1, -1, -1, -1, -1, -1]], [[1, -1, -1, -1, -1, -1, -1, -1, -1], [-1, -1, 1, -1, -1, -1, -1, -1, -1]], [[1, -1, -1, -1, -1, -1, -1, -1, -1], [-1, -1, 1, -1, -1, -1, -1, -1, -1]], [[1, -1, -1, -1, -1, -1, -1, -1, -1], [-1, -1, 1, -1, -1, -1, -1, -1, -1]], [[1, -1, -1, -1, -1, -1, -1, -1, -1], [-1, -1, 1, -1, -1, -1, -1, -1, -1]], [[1, -1, -1, -1, -1, -1, -1, -1, -1], [-1, -1, 1, -1, -1, -1, -1, -1, -1]], [[1, -1, -1, -1, -1, -1, -1, -1, -1], [-1, -1, 1, -1, -1, -1, -1, -1, -1]], [[1, -1, -1, -1, -1, -1, -1, -1, -1], [-1, -1, 1, -1, -1, -1, -1, -1, -1]], [[1, -1, -1, -1, -1, -1, -1, -1, -1], [-1, -1, 1, -1, -1, -1, -1, -1, -1]], [[1, -1, -1, -1, -1, -1, -1, -1, -1], [-1, -1, 1, -1, -1, -1, -1, -1, -1]]]
10 40 
 [[[1, -1, -1, -1, -1, -1, -1, -1, -1, -1], [-1, 1, -1, -1, -1, -1, -1, -1, -1, -1], [-1, -1, 1, -1, -1, -1, -1, -1, -1, -1], [-1, -1, -1, 1, -1, -1, -1, -1, -1, -1], [-1, -1, -1, -1, -1, 1, -1, -1, -1, -1], [-1, -1, -1, -1, -1, -1, -1, -1, -1, 1]], [[1, -1, -1, -1, -1, -1, -1, -1, -1, -1], [-1, 1, -1, -1, -1, -1, -1, -1, -1, -1], [-1, -1, 1, -1, -1, -1, -1, -1, -1, -1], [-1, -1, -1, 1, -1, -1, -1, -1, -1, -1], [-1, -1, -1, -1, -1, -1, -1, -1, -1, 1]], [[1, -1, -1, -1, -1, -1, -1, -1, -1, -1], [-1, 1, -1, -1, -1, -1, -1, -1, -1, -1], [-1, -1, 1, -1, -1, -1, -1, -1, -1, -1], [-1, -1, -1, 1, -1, -1, -1, -1, -1, -1]], [[1, -1, -1, -1, -1, -1, -1, -1, -1, -1], [-1, 1, -1, -1, -1, -1, -1, -1, -1, -1], [-1, -1, 1, -1, -1, -1, -1, -1, -1, -1], [-1, -1, -1, 1, -1, -1, -1, -1, -1, -1]], [[1, -1, -1, -1, -1, -1, -1, -1, -1, -1], [-1, 1, -1, -1, -1, -1, -1, -1, -1, -1], [-1, -1, 1, -1, -1, -1, -1, -1, -1, -1], [-1, -1, -1, 1, -1, -1, -1, -1, -1, -1], [-1, -1, -1, 0, -1, 1, -1, -1, -1, -1], [-1, -1, -1, 0, -1, -1, -1, -1, -1, 1]], [[1, -1, -1, -1, -1, -1, -1, -1, -1, -1], [-1, 1, -1, -1, -1, -1, -1, -1, -1, -1], [-1, -1, 1, -1, -1, -1, -1, -1, -1, -1], [-1, -1, -1, 1, -1, -1, -1, -1, -1, -1], [-1, -1, -1, 0, -1, 1, -1, -1, -1, -1], [-1, -1, -1, 0, -1, -1, -1, -1, -1, 1]], [[1, -1, -1, -1, -1, -1, -1, -1, -1, -1], [-1, 1, -1, -1, -1, -1, -1, -1, -1, -1], [-1, -1, 1, -1, -1, -1, -1, -1, -1, -1], [-1, -1, -1, 1, -1, -1, -1, -1, -1, -1], [-1, -1, -1, 0, -1, -1, -1, -1, -1, 1], [-1, -1, -1, -1, -1, 1, -1, -1, -1, -1]], [[1, -1, -1, -1, -1, -1, -1, -1, -1, -1], [-1, 1, -1, -1, -1, -1, -1, -1, -1, -1], [-1, -1, 1, -1, -1, -1, -1, -1, -1, -1], [-1, -1, -1, 1, -1, -1, -1, -1, -1, -1]], [[1, -1, -1, -1, -1, -1, -1, -1, -1, -1], [-1, 1, -1, -1, -1, -1, -1, -1, -1, -1], [-1, -1, 1, -1, -1, -1, -1, -1, -1, -1], [-1, -1, -1, 1, -1, -1, -1, -1, -1, -1], [-1, -1, -1, 0, -1, 1, -1, -1, -1, -1]], [[1, -1, -1, -1, -1, -1, -1, -1, -1, -1], [-1, 1, -1, -1, -1, -1, -1, -1, -1, -1], [-1, -1, 1, -1, -1, -1, -1, -1, -1, -1], [-1, -1, -1, 1, -1, -1, -1, -1, -1, -1]], [[1, -1, -1, -1, -1, -1, -1, -1, -1, -1], [-1, -1, 1, -1, -1, -1, -1, -1, -1, -1], [-1, -1, -1, 1, -1, -1, -1, -1, -1, -1]], [[1, -1, -1, -1, -1, -1, -1, -1, -1, -1], [-1, -1, 1, -1, -1, -1, -1, -1, -1, -1], [-1, -1, -1, 1, -1, -1, -1, -1, -1, -1]], [[1, -1, -1, -1, -1, -1, -1, -1, -1, -1], [-1, -1, 1, -1, -1, -1, -1, -1, -1, -1]], [[1, -1, -1, -1, -1, -1, -1, -1, -1, -1], [-1, -1, 1, -1, -1, -1, -1, -1, -1, -1], [-1, 1, -1, 0, -1, -1, -1, -1, -1, -1]], [[1, -1, -1, -1, -1, -1, -1, -1, -1, -1], [-1, -1, 1, -1, -1, -1, -1, -1, -1, -1], [-1, 1, -1, 0, -1, -1, -1, -1, -1, -1]], [[1, -1, -1, -1, -1, -1, -1, -1, -1, -1], [-1, -1, 1, -1, -1, -1, -1, -1, -1, -1], [-1, 1, -1, 0, -1, -1, -1, -1, -1, -1]], [[1, -1, -1, -1, -1, -1, -1, -1, -1, -1], [-1, -1, 1, -1, -1, -1, -1, -1, -1, -1], [-1, 1, -1, 0, -1, -1, -1, -1, -1, -1]], [[1, -1, -1, -1, -1, -1, -1, -1, -1, -1], [-1, -1, 1, -1, -1, -1, -1, -1, -1, -1], [-1, 1, -1, 0, -1, -1, -1, -1, -1, -1]], [[1, -1, -1, -1, -1, -1, -1, -1, -1, -1], [-1, -1, 1, -1, -1, -1, -1, -1, -1, -1], [-1, 1, -1, 0, -1, -1, -1, -1, -1, -1]], [[1, -1, -1, -1, -1, -1, -1, -1, -1, -1], [-1, -1, 1, -1, -1, -1, -1, -1, -1, -1]], [[1, -1, -1, -1, -1, -1, -1, -1, -1, -1], [-1, -1, 1, -1, -1, -1, -1, -1, -1, -1]], [[1, -1, -1, -1, -1, -1, -1, -1, -1, -1], [-1, -1, 1, -1, -1, -1, -1, -1, -1, -1], [-1, -1, -1, 0, -1, 1, -1, -1, -1, -1]], [[1, -1, -1, -1, -1, -1, -1, -1, -1, -1], [-1, -1, 1, -1, -1, -1, -1, -1, -1, -1]], [[1, -1, -1, -1, -1, -1, -1, -1, -1, -1], [-1, -1, 1, -1, -1, -1, -1, -1, -1, -1]], [[1, -1, -1, -1, -1, -1, -1, -1, -1, -1], [-1, -1, 1, -1, -1, -1, -1, -1, -1, -1]], [[1, -1, -1, -1, -1, -1, -1, -1, -1, -1], [-1, -1, 1, -1, -1, -1, -1, -1, -1, -1]], [[1, -1, -1, -1, -1, -1, -1, -1, -1, -1], [-1, -1, 1, -1, -1, -1, -1, -1, -1, -1]], [[1, -1, -1, -1, -1, -1, -1, -1, -1, -1], [-1, -1, 1, -1, -1, -1, -1, -1, -1, -1]], [[1, -1, -1, -1, -1, -1, -1, -1, -1, -1], [-1, -1, 1, -1, -1, -1, -1, -1, -1, -1]], [[1, -1, -1, -1, -1, -1, -1, -1, -1, -1], [-1, -1, 1, -1, -1, -1, -1, -1, -1, -1]], [[1, -1, -1, -1, -1, -1, -1, -1, -1, -1], [-1, -1, 1, -1, -1, -1, -1, -1, -1, -1]], [[1, -1, -1, -1, -1, -1, -1, -1, -1, -1], [-1, -1, 1, -1, -1, -1, -1, -1, -1, -1]], [[1, -1, -1, -1, -1, -1, -1, -1, -1, -1], [-1, -1, 1, -1, -1, -1, -1, -1, -1, -1]], [[1, -1, -1, -1, -1, -1, -1, -1, -1, -1], [-1, -1, 1, -1, -1, -1, -1, -1, -1, -1]], [[1, -1, -1, -1, -1, -1, -1, -1, -1, -1], [-1, -1, 1, -1, -1, -1, -1, -1, -1, -1]], [[1, -1, -1, -1, -1, -1, -1, -1, -1, -1], [-1, -1, 1, -1, -1, -1, -1, -1, -1, -1]], [[1, -1, -1, -1, -1, -1, -1, -1, -1, -1], [-1, -1, 1, -1, -1, -1, -1, -1, -1, -1]], [[1, -1, -1, -1, -1, -1, -1, -1, -1, -1], [-1, -1, 1, -1, -1, -1, -1, -1, -1, -1]], [[1, -1, -1, -1, -1, -1, -1, -1, -1, -1], [-1, -1, 1, -1, -1, -1, -1, -1, -1, -1]], [[1, -1, -1, -1, -1, -1, -1, -1, -1, -1], [-1, -1, 1, -1, -1, -1, -1, -1, -1, -1]]]
11 40 
 [[[1, -1, -1, -1, -1, -1, -1, -1, -1, -1, -1], [-1, 1, -1, -1, -1, -1, -1, -1, -1, -1, -1], [-1, -1, 1, -1, -1, -1, -1, -1, -1, -1, -1], [-1, -1, -1, 1, -1, -1, -1, -1, -1, -1, -1], [-1, -1, -1, -1, -1, 1, -1, -1, -1, -1, -1], [-1, -1, -1, -1, -1, -1, -1, -1, -1, 1, -1]], [[1, -1, -1, -1, -1, -1, -1, -1, -1, -1, -1], [-1, 1, -1, -1, -1, -1, -1, -1, -1, -1, -1], [-1, -1, 1, -1, -1, -1, -1, -1, -1, -1, -1], [-1, -1, -1, 1, -1, -1, -1, -1, -1, -1, -1], [-1, -1, -1, -1, -1, -1, -1, -1, -1, 1, -1]], [[1, -1, -1, -1, -1, -1, -1, -1, -1, -1, -1], [-1, 1, -1, -1, -1, -1, -1, -1, -1, -1, -1], [-1, -1, 1, -1, -1, -1, -1, -1, -1, -1, -1], [-1, -1, -1, 1, -1, -1, -1, -1, -1, -1, -1]], [[1, -1, -1, -1, -1, -1, -1, -1, -1, -1, -1], [-1, 1, -1, -1, -1, -1, -1, -1, -1, -1, -1], [-1, -1, 1, -1, -1, -1, -1, -1, -1, -1, -1], [-1, -1, -1, 1, -1, -1, -1, -1, -1, -1, -1]], [[1, -1, -1, -1, -1, -1, -1, -1, -1, -1, -1], [-1, 1, -1, -1, -1, -1, -1, -1, -1, -1, -1], [-1, -1, 1, -1, -1, -1, -1, -1, -1, -1, -1], [-1, -1, -1, 1, -1, -1, -1, -1, -1, -1, -1], [-1, -1, -1, 0, -1, 1, -1, -1, -1, -1, -1], [-1, -1, -1, 0, -1, -1, -1, -1, -1, 1, -1]], [[1, -1, -1, -1, -1, -1, -1, -1, -1, -1, -1], [-1, 1, -1, -1, -1, -1, -1, -1, -1, -1, -1], [-1, -1, 1, -1, -1, -1, -1, -1, -1, -1, -1], [-1, -1, -1, 1, -1, -1, -1, -1, -1, -1, -1], [-1, -1, -1, 0, -1, 1, -1, -1, -1, -1, -1], [-1, -1, -1, 0, -1, -1, -1, -1, -1, 1, -1]], [[1, -1, -1, -1, -1, -1, -1, -1, -1, -1, -1], [-1, 1, -1, -1, -1, -1, -1, -1, -1, -1, -1], [-1, -1, 1, -1, -1, -1, -1, -1, -1, -1, -1], [-1, -1, -1, 1, -1, -1, -1, -1, -1, -1, -1], [-1, -1, -1, 0, -1, -1, -1, -1, -1, 1, -1], [-1, -1, -1, -1, -1, 1, -1, -1, -1, -1, -1]], [[1, -1, -1, -1, -1, -1, -1, -1, -1, -1, -1], [-1, 1, -1, -1, -1, -1, -1, -1, -1, -1, -1], [-1, -1, 1, -1, -1, -1, -1, -1, -1, -1, -1], [-1, -1, -1, 1, -1, -1, -1, -1, -1, -1, -1]], [[1, -1, -1, -1, -1, -1, -1, -1, -1, -1, -1], [-1, 1, -1, -1, -1, -1, -1, -1, -1, -1, -1], [-1, -1, 1, -1, -1, -1, -1, -1, -1, -1, -1], [-1, -1, -1, 1, -1, -1, -1, -1, -1, -1, -1], [-1, -1, -1, 0, -1, 1, -1, -1, -1, -1, -1]], [[1, -1, -1, -1, -1, -1, -1, -1, -1, -1, -1], [-1, 1, -1, -1, -1, -1, -1, -1, -1, -1, -1], [-1, -1, 1, -1, -1, -1, -1, -1, -1, -1, -1], [-1, -1, -1, 1, -1, -1, -1, -1, -1, -1, -1]], [[1, -1, -1, -1, -1, -1, -1, -1, -1, -1, -1], [-1, -1, 1, -1, -1, -1, -1, -1, -1, -1, -1], [-1, -1, -1, 1, -1, -1, -1, -1, -1, -1, -1]], [[1, -1, -1, -1, -1, -1, -1, -1, -1, -1, -1], [-1, -1, 1, -1, -1, -1, -1, -1, -1, -1, -1], [-1, -1, -1, 1, -1, -1, -1, -1, -1, -1, -1]], [[1, -1, -1, -1, -1, -1, -1, -1, -1, -1, -1], [-1, -1, 1, -1, -1, -1, -1, -1, -1, -1, -1]], [[1, -1, -1, -1, -1, -1, -1, -1, -1, -1, -1], [-1, -1, 1, -1, -1, -1, -1, -1, -1, -1, -1], [-1, 1, -1, 0, -1, -1, -1, -1, -1, -1, -1]], [[1, -1, -1, -1, -1, -1, -1, -1, -1, -1, -1], [-1, -1, 1, -1, -1, -1, -1, -1, -1, -1, -1], [-1, 1, -1, 0, -1, -1, -1, -1, -1, -1, -1]], [[1, -1, -1, -1, -1, -1, -1, -1, -1, -1, -1], [-1, -1, 1, -1, -1, -1, -1, -1, -1, -1, -1], [-1, 1, -1, 0, -1, -1, -1, -1, -1, -1, -1]], [[1, -1, -1, -1, -1, -1, -1, -1, -1, -1, -1], [-1, -1, 1, -1, -1, -1, -1, -1, -1, -1, -1], [-1, 1, -1, 0, -1, -1, -1, -1, -1, -1, -1]], [[1, -1, -1, -1, -1, -1, -1, -1, -1, -1, -1], [-1, -1, 1, -1, -1, -1, -1, -1, -1, -1, -1], [-1, 1, -1, 0, -1, -1, -1, -1, -1, -1, -1]], [[1, -1, -1, -1, -1, -1, -1, -1, -1, -1, -1], [-1, -1, 1, -1, -1, -1, -1, -1, -1, -1, -1], [-1, 1, -1, 0, -1, -1, -1, -1, -1, -1, -1]], [[1, -1, -1, -1, -1, -1, -1, -1, -1, -1, -1], [-1, -1, 1, -1, -1, -1, -1, -1, -1, -1, -1]], [[1, -1, -1, -1, -1, -1, -1, -1, -1, -1, -1], [-1, -1, 1, -1, -1, -1, -1, -1, -1, -1, -1]], [[1, -1, -1, -1, -1, -1, -1, -1, -1, -1, -1], [-1, -1, 1, -1, -1, -1, -1, -1, -1, -1, -1], [-1, -1, -1, 0, -1, 1, -1, -1, -1, -1, -1]], [[1, -1, -1, -1, -1, -1, -1, -1, -1, -1, -1], [-1, -1, 1, -1, -1, -1, -1, -1, -1, -1, -1]], [[1, -1, -1, -1, -1, -1, -1, -1, -1, -1, -1], [-1, -1, 1, -1, -1, -1, -1, -1, -1, -1, -1]], [[1, -1, -1, -1, -1, -1, -1, -1, -1, -1, -1], [-1, -1, 1, -1, -1, -1, -1, -1, -1, -1, -1]], [[1, -1, -1, -1, -1, -1, -1, -1, -1, -1, -1], [-1, -1, 1, -1, -1, -1, -1, -1, -1, -1, -1]], [[1, -1, -1, -1, -1, -1, -1, -1, -1, -1, -1], [-1, -1, 1, -1, -1, -1, -1, -1, -1, -1, -1]], [[1, -1, -1, -1, -1, -1, -1, -1, -1, -1, -1], [-1, -1, 1, -1, -1, -1, -1, -1, -1, -1, -1]], [[1, -1, -1, -1, -1, -1, -1, -1, -1, -1, -1], [-1, -1, 1, -1, -1, -1, -1, -1, -1, -1, -1]], [[1, -1, -1, -1, -1, -1, -1, -1, -1, -1, -1], [-1, -1, 1, -1, -1, -1, -1, -1, -1, -1, -1]], [[1, -1, -1, -1, -1, -1, -1, -1, -1, -1, -1], [-1, -1, 1, -1, -1, -1, -1, -1, -1, -1, -1]], [[1, -1, -1, -1, -1, -1, -1, -1, -1, -1, -1], [-1, -1, 1, -1, -1, -1, -1, -1, -1, -1, -1]], [[1, -1, -1, -1, -1, -1, -1, -1, -1, -1, -1], [-1, -1, 1, -1, -1, -1, -1, -1, -1, -1, -1]], [[1, -1, -1, -1, -1, -1, -1, -1, -1, -1, -1], [-1, -1, 1, -1, -1, -1, -1, -1, -1, -1, -1]], [[1, -1, -1, -1, -1, -1, -1, -1, -1, -1, -1], [-1, -1, 1, -1, -1, -1, -1, -1, -1, -1, -1]], [[1, -1, -1, -1, -1, -1, -1, -1, -1, -1, -1], [-1, -1, 1, -1, -1, -1, -1, -1, -1, -1, -1]], [[1, -1, -1, -1, -1, -1, -1, -1, -1, -1, -1], [-1, -1, 1, -1, -1, -1, -1, -1, -1, -1, -1]], [[1, -1, -1, -1, -1, -1, -1, -1, -1, -1, -1], [-1, -1, 1, -1, -1, -1, -1, -1, -1, -1, -1]], [[1, -1, -1, -1, -1, -1, -1, -1, -1, -1, -1], [-1, -1, 1, -1, -1, -1, -1, -1, -1, -1, -1]], [[1, -1, -1, -1, -1, -1, -1, -1, -1, -1, -1], [-1, -1, 1, -1, -1, -1, -1, -1, -1, -1, -1]]]
12 40 
 [[[1, -1, -1, -1, -1, -1, -1, -1, -1, -1, -1, -1], [-1, 1, -1, -1, -1, -1, -1, -1, -1, -1, -1, -1], [-1, -1, 1, -1, -1, -1, -1, -1, -1, -1, -1, -1], [-1, -1, -1, 1, -1, -1, -1, -1, -1, -1, -1, -1], [-1, -1, -1, -1, -1, 1, -1, -1, -1, -1, -1, -1], [-1, -1, -1, -1, -1, -1, -1, -1, -1, 1, -1, -1], [-1, -1, -1, -1, -1, -1, -1, -1, -1, -1, -1, 1]], [[1, -1, -1, -1, -1, -1, -1, -1, -1, -1, -1, -1], [-1, 1, -1, -1, -1, -1, -1, -1, -1, -1, -1, -1], [-1, -1, 1, -1, -1, -1, -1, -1, -1, -1, -1, -1], [-1, -1, -1, 1, -1, -1, -1, -1, -1, -1, -1, -1], [-1, -1, -1, -1, -1, -1, -1, -1, -1, 1, -1, -1], [-1, -1, -1, -1, -1, -1, -1, -1, -1, -1, -1, 1]], [[1, -1, -1, -1, -1, -1, -1, -1, -1, -1, -1, -1], [-1, 1, -1, -1, -1, -1, -1, -1, -1, -1, -1, -1], [-1, -1, 1, -1, -1, -1, -1, -1, -1, -1, -1, -1], [-1, -1, -1, 1, -1, -1, -1, -1, -1, -1, -1, -1], [-1, -1, -1, -1, -1, -1, -1, -1, -1, -1, -1, 1], [-1, -1, -1, 0, -1, -1, -1, -1, -1, 1, -1, 0]], [[1, -1, -1, -1, -1, -1, -1, -1, -1, -1, -1, -1], [-1, 1, -1, -1, -1, -1, -1, -1, -1, -1, -1, -1], [-1, -1, 1, -1, -1, -1, -1, -1, -1, -1, -1, -1], [-1, -1, -1, 1, -1, -1, -1, -1, -1, -1, -1, -1], [-1, -1, -1, -1, -1, -1, -1, -1, -1, -1, -1, 1], [-1, -1, -1, 0, -1, -1, -1, -1, -1, 1, -1, 0]], [[1, -1, -1, -1, -1, -1, -1, -1, -1, -1, -1, -1], [-1, 1, -1, -1, -1, -1, -1, -1, -1, -1, -1, -1], [-1, -1, 1, -1, -1, -1, -1, -1, -1, -1, -1, -1], [-1, -1, -1, 1, -1, -1, -1, -1, -1, -1, -1, -1], [-1, -1, -1, -1, -1, -1, -1, -1, -1, -1, -1, 1], [-1, -1, -1, 0, -1, 1, -1, -1, -1, -1, -1, -1], [-1, -1, -1, 0, -1, -1, -1, -1, -1, 1, -1, -1]], [[1, -1, -1, -1, -1, -1, -1, -1, -1, -1, -1, -1], [-1, 1, -1, -1, -1, -1, -1, -1, -1, -1, -1, -1], [-1, -1, 1, -1, -1, -1, -1, -1, -1, -1, -1, -1], [-1, -1, -1, 1, -1, -1, -1, -1, -1, -1, -1, -1], [-1, -1, -1, -1, -1, -1, -1, -1, -1, -1, -1, 1], [-1, -1, -1, 0, -1, 1, -1, -1, -1, -1, -1, -1], [-1, -1, -1, 0, -1, -1, -1, -1, -1, 1, -1, -1]], [[1, -1, -1, -1, -1, -1, -1, -1, -1, -1, -1, -1], [-1, 1, -1, -1, -1, -1, -1, -1, -1, -1, -1, -1], [-1, -1, 1, -1, -1, -1, -1, -1, -1, -1, -1, -1], [-1, -1, -1, 1, -1, -1, -1, -1, -1, -1, -1, -1], [-1, -1, -1, -1, -1, -1, -1, -1, -1, -1, -1, 1], [-1, -1, -1, 0, -1, -1, -1, -1, -1, 1, -1, -1], [-1, -1, -1, -1, -1, 1, -1, -1, -1, -1, -1, -1]], [[1, -1, -1, -1, -1, -1, -1, -1, -1, -1, -1, -1], [-1, 1, -1, -1, -1, -1, -1, -1, -1, -1, -1, -1], [-1, -1, 1, -1, -1, -1, -1, -1, -1, -1, -1, -1], [-1, -1, -1, 1, -1, -1, -1, -1, -1, -1, -1, -1], [-1, -1, -1, -1, -1, -1, -1, -1, -1, -1, -1, 1]], [[1, -1, -1, -1, -1, -1, -1, -1, -1, -1, -1, -1], [-1, 1, -1, -1, -1, -1, -1, -1, -1, -1, -1, -1], [-1, -1, 1, -1, -1, -1, -1, -1, -1, -1, -1, -1], [-1, -1, -1, 1, -1, -1, -1, -1, -1, -1, -1, -1], [-1, -1, -1, -1, -1, -1, -1, -1, -1, -1, -1, 1], [-1, -1, -1, 0, -1, 1, -1, -1, -1, -1, -1, -1]], [[1, -1, -1, -1, -1, -1, -1, -1, -1, -1, -1, -1], [-1, 1, -1, -1, -1, -1, -1, -1, -1, -1, -1, -1], [-1, -1, 1, -1, -1, -1, -1, -1, -1, -1, -1, -1], [-1, -1, -1, 1, -1, -1, -1, -1, -1, -1, -1, -1], [-1, -1, -1, -1, -1, -1, -1, -1, -1, -1, -1, 1]], [[1, -1, -1, -1, -1, -1, -1, -1, -1, -1, -1, -1], [-1, -1, 1, -1, -1, -1, -1, -1, -1, -1, -1, -1], [-1, -1, -1, 1, -1, -1, -1, -1, -1, -1, -1, -1], [-1, -1, -1, -1, -1, -1, -1, -1, -1, -1, -1, 1]], [[1, -1, -1, -1, -1, -1, -1, -1, -1, -1, -1, -1], [-1, -1, 1, -1, -1, -1, -1, -1, -1, -1, -1, -1], [-1, -1, -1, 1, -1, -1, -1, -1, -1, -1, -1, -1], [-1, -1, -1, -1, -1, -1, -1, -1, -1, -1, -1, 1]], [[1, -1, -1, -1, -1, -1, -1, -1, -1, -1, -1, -1], [-1, -1, 1, -1, -1, -1, -1, -1, -1, -1, -1, -1]], [[1, -1, -1, -1, -1, -1, -1, -1, -1, -1, -1, -1], [-1, -1, 1, -1, -1, -1, -1, -1, -1, -1, -1, -1], [-1, 1, -1, 0, -1, -1, -1, -1, -1, -1, -1, -1]], [[1, -1, -1, -1, -1, -1, -1, -1, -1, -1, -1, -1], [-1, -1, 1, -1, -1, -1, -1, -1, -1, -1, -1, -1], [-1, 1, -1, 0, -1, -1, -1, -1, -1, -1, -1, -1]], [[1, -1, -1, -1, -1, -1, -1, -1, -1, -1, -1, -1], [-1, -1, 1, -1, -1, -1, -1, -1, -1, -1, -1, -1], [-1, 1, -1, 0, -1, -1, -1, -1, -1, -1, -1, -1]], [[1, -1, -1, -1, -1, -1, -1, -1, -1, -1, -1, -1], [-1, -1, 1, -1, -1, -1, -1, -1, -1, -1, -1, -1], [-1, 1, -1, 0, -1, -1, -1, -1, -1, -1, -1, -1]], [[1, -1, -1, -1, -1, -1, -1, -1, -1, -1, -1, -1], [-1, -1, 1, -1, -1, -1, -1, -1, -1, -1, -1, -1], [-1, 1, -1, 0, -1, -1, -1, -1, -1, -1, -1, -1]], [[1, -1, -1, -1, -1, -1, -1, -1, -1, -1, -1, -1], [-1, -1, 1, -1, -1, -1, -1, -1, -1, -1, -1, -1], [-1, 1, -1, 0, -1, -1, -1, -1, -1, -1, -1, -1]], [[1, -1, -1, -1, -1, -1, -1, -1, -1, -1, -1, -1], [-1, -1, 1, -1, -1, -1, -1, -1, -1, -1, -1, -1]], [[1, -1, -1, -1, -1, -1, -1, -1, -1, -1, -1, -1], [-1, -1, 1, -1, -1, -1, -1, -1, -1, -1, -1, -1]], [[1, -1, -1, -1, -1, -1, -1, -1, -1, -1, -1, -1], [-1, -1, 1, -1, -1, -1, -1, -1, -1, -1, -1, -1], [-1, -1, -1, 0, -1, 1, -1, -1, -1, -1, -1, -1]], [[1, -1, -1, -1, -1, -1, -1, -1, -1, -1, -1, -1], [-1, -1, 1, -1, -1, -1, -1, -1, -1, -1, -1, -1]], [[1, -1, -1, -1, -1, -1, -1, -1, -1, -1, -1, -1], [-1, -1, 1, -1, -1, -1, -1, -1, -1, -1, -1, -1]], [[1, -1, -1, -1, -1, -1, -1, -1, -1, -1, -1, -1], [-1, -1, 1, -1, -1, -1, -1, -1, -1, -1, -1, -1]], [[1, -1, -1, -1, -1, -1, -1, -1, -1, -1, -1, -1], [-1, -1, 1, -1, -1, -1, -1, -1, -1, -1, -1, -1]], [[1, -1, -1, -1, -1, -1, -1, -1, -1, -1, -1, -1], [-1, -1, 1, -1, -1, -1, -1, -1, -1, -1, -1, -1]], [[1, -1, -1, -1, -1, -1, -1, -1, -1, -1, -1, -1], [-1, -1, 1, -1, -1, -1, -1, -1, -1, -1, -1, -1]], [[1, -1, -1, -1, -1, -1, -1, -1, -1, -1, -1, -1], [-1, -1, 1, -1, -1, -1, -1, -1, -1, -1, -1, -1]], [[1, -1, -1, -1, -1, -1, -1, -1, -1, -1, -1, -1], [-1, -1, 1, -1, -1, -1, -1, -1, -1, -1, -1, -1]], [[1, -1, -1, -1, -1, -1, -1, -1, -1, -1, -1, -1], [-1, -1, 1, -1, -1, -1, -1, -1, -1, -1, -1, -1]], [[1, -1, -1, -1, -1, -1, -1, -1, -1, -1, -1, -1], [-1, -1, 1, -1, -1, -1, -1, -1, -1, -1, -1, -1]], [[1, -1, -1, -1, -1, -1, -1, -1, -1, -1, -1, -1], [-1, -1, 1, -1, -1, -1, -1, -1, -1, -1, -1, -1]], [[1, -1, -1, -1, -1, -1, -1, -1, -1, -1, -1, -1], [-1, -1, 1, -1, -1, -1, -1, -1, -1, -1, -1, -1]], [[1, -1, -1, -1, -1, -1, -1, -1, -1, -1, -1, -1], [-1, -1, 1, -1, -1, -1, -1, -1, -1, -1, -1, -1]], [[1, -1, -1, -1, -1, -1, -1, -1, -1, -1, -1, -1], [-1, -1, 1, -1, -1, -1, -1, -1, -1, -1, -1, -1]], [[1, -1, -1, -1, -1, -1, -1, -1, -1, -1, -1, -1], [-1, -1, 1, -1, -1, -1, -1, -1, -1, -1, -1, -1]], [[1, -1, -1, -1, -1, -1, -1, -1, -1, -1, -1, -1], [-1, -1, 1, -1, -1, -1, -1, -1, -1, -1, -1, -1]], [[1, -1, -1, -1, -1, -1, -1, -1, -1, -1, -1, -1], [-1, -1, 1, -1, -1, -1, -1, -1, -1, -1, -1, -1]], [[1, -1, -1, -1, -1, -1, -1, -1, -1, -1, -1, -1], [-1, -1, 1, -1, -1, -1, -1, -1, -1, -1, -1, -1]]]
13 40 
 [[[1, -1, -1, -1, -1, -1, -1, -1, -1, -1, -1, -1, -1], [-1, 1, -1, -1, -1, -1, -1, -1, -1, -1, -1, -1, -1], [-1, -1, 1, -1, -1, -1, -1, -1, -1, -1, -1, -1, -1], [-1, -1, -1, 1, -1, -1, -1, -1, -1, -1, -1, -1, -1], [-1, -1, -1, -1, -1, 1, -1, -1, -1, -1, -1, -1, -1], [-1, -1, -1, -1, -1, -1, -1, -1, -1, 1, -1, -1, -1], [-1, -1, -1, -1, -1, -1, -1, -1, -1, -1, -1, 1, -1], [-1, -1, -1, -1, -1, -1, -1, -1, -1, -1, -1, -1, 1]], [[1, -1, -1, -1, -1, -1, -1, -1, -1, -1, -1, -1, -1], [-1, 1, -1, -1, -1, -1, -1, -1, -1, -1, -1, -1, -1], [-1, -1, 1, -1, -1, -1, -1, -1, -1, -1, -1, -1, -1], [-1, -1, -1, 1, -1, -1, -1, -1, -1, -1, -1, -1, -1], [-1, -1, -1, -1, -1, -1, -1, -1, -1, 1, -1, -1, -1], [-1, -1, -1, -1, -1, -1, -1, -1, -1, -1, -1, 1, -1]], [[1, -1, -1, -1, -1, -1, -1, -1, -1, -1, -1, -1, -1], [-1, 1, -1, -1, -1, -1, -1, -1, -1, -1, -1, -1, -1], [-1, -1, 1, -1, -1, -1, -1, -1, -1, -1, -1, -1, -1], [-1, -1, -1, 1, -1, -1, -1, -1, -1, -1, -1, -1, -1], [-1, -1, -1, -1, -1, -1, -1, -1, -1, -1, -1, 1, -1], [-1, -1, -1, 0, -1, -1, -1, -1, -1, 1, -1, 0, -1]], [[1, -1, -1, -1, -1, -1, -1, -1, -1, -1, -1, -1, -1], [-1, 1, -1, -1, -1, -1, -1, -1, -1, -1, -1, -1, -1], [-1, -1, 1, -1, -1, -1, -1, -1, -1, -1, -1, -1, -1], [-1, -1, -1, 1, -1, -1, -1, -1, -1, -1, -1, -1, -1], [-1, -1, -1, -1, -1, -1, -1, -1, -1, -1, -1, 1, -1], [-1, -1, -1, 0, -1, -1, -1, -1, -1, 1, -1, 0, -1]], [[1, -1, -1, -1, -1, -1, -1, -1, -1, -1, -1, -1, -1], [-1, 1, -1, -1, -1, -1, -1, -1, -1, -1, -1, -1, -1], [-1, -1, 1, -1, -1, -1, -1, -1, -1, -1, -1, -1, -1], [-1, -1, -1, 1, -1, -1, -1, -1, -1, -1, -1, -1, -1], [-1, -1, -1, -1, -1, -1, -1, -1, -1, -1, -1, 1, -1], [-1, -1, -1, 0, -1, 1, -1, -1, -1, -1, -1, -1, -1], [-1, -1, -1, 0, -1, -1, -1, -1, -1, 1, -1, -1, -1]], [[1, -1, -1, -1, -1, -1, -1, -1, -1, -1, -1, -1, -1], [-1, 1, -1, -1, -1, -1, -1, -1, -1, -1, -1, -1, -1], [-1, -1, 1, -1, -1, -1, -1, -1, -1, -1, -1, -1, -1], [-1, -1, -1, 1, -1, -1, -1, -1, -1, -1, -1, -1, -1], [-1, -1, -1, -1, -1, -1, -1, -1, -1, -1, -1, 1, -1], [-1, -1, -1, 0, -1, 1, -1, -1, -1, -1, -1, -1, -1], [-1, -1, -1, 0, -1, -1, -1, -1, -1, 1, -1, -1, -1]], [[1, -1, -1, -1, -1, -1, -1, -1, -1, -1, -1, -1, -1], [-1, 1, -1, -1, -1, -1, -1, -1, -1, -1, -1, -1, -1], [-1, -1, 1, -1, -1, -1, -1, -1, -1, -1, -1, -1, -1], [-1, -1, -1, 1, -1, -1, -1, -1, -1, -1, -1, -1, -1], [-1, -1, -1, -1, -1, -1, -1, -1, -1, -1, -1, 1, -1], [-1, -1, -1, 0, -1, -1, -1, -1, -1, 1, -1, -1, -1], [-1, -1, -1, 0, -1, -1, -1, -1, -1, -1, -1, -1, 1], [-1, -1, -1, -1, -1, 1, -1, -1, -1, -1, -1, -1, -1]], [[1, -1, -1, -1, -1, -1, -1, -1, -1, -1, -1, -1, -1], [-1, 1, -1, -1, -1, -1, -1, -1, -1, -1, -1, -1, -1], [-1, -1, 1, -1, -1, -1, -1, -1, -1, -1, -1, -1, -1], [-1, -1, -1, 1, -1, -1, -1, -1, -1, -1, -1, -1, -1], [-1, -1, -1, -1, -1, -1, -1, -1, -1, -1, -1, 1, -1], [-1, -1, -1, 0, -1, -1, -1, -1, -1, -1, -1, -1, 1]], [[1, -1, -1, -1, -1, -1, -1, -1, -1, -1, -1, -1, -1], [-1, 1, -1, -1, -1, -1, -1, -1, -1, -1, -1, -1, -1], [-1, -1, 1, -1, -1, -1, -1, -1, -1, -1, -1, -1, -1], [-1, -1, -1, 1, -1, -1, -1, -1, -1, -1, -1, -1, -1], [-1, -1, -1, -1, -1, -1, -1, -1, -1, -1, -1, 1, -1], [-1, -1, -1, 0, -1, -1, -1, -1, -1, -1, -1, -1, 1], [-1, -1, -1, 0, -1, 1, -1, -1, -1, -1, -1, -1, -1]], [[1, -1, -1, -1, -1, -1, -1, -1, -1, -1, -1, -1, -1], [-1, 1, -1, -1, -1, -1, -1, -1, -1, -1, -1, -1, -1], [-1, -1, 1, -1, -1, -1, -1, -1, -1, -1, -1, -1, -1], [-1, -1, -1, 1, -1, -1, -1, -1, -1, -1, -1, -1, -1], [-1, -1, -1, -1, -1, -1, -1, -1, -1, -1, -1, 1, -1], [-1, -1, -1, 0, -1, -1, -1, -1, -1, -1, -1, -1, 1]], [[1, -1, -1, -1, -1, -1, -1, -1, -1, -1, -1, -1, -1], [-1, -1, 1, -1, -1, -1, -1, -1, -1, -1, -1, -1, -1], [-1, -1, -1, 1, -1, -1, -1, -1, -1, -1, -1, -1, -1], [-1, -1, -1, -1, -1, -1, -1, -1, -1, -1, -1, 1, -1], [-1, -1, -1, 0, -1, -1, -1, -1, -1, -1, -1, -1, 1]], [[1, -1, -1, -1, -1, -1, -1, -1, -1, -1, -1, -1, -1], [-1, -1, 1, -1, -1, -1, -1, -1, -1, -1, -1, -1, -1], [-1, -1, -1, 1, -1, -1, -1, -1, -1, -1, -1, -1, -1], [-1, -1, -1, -1, -1, -1, -1, -1, -1, -1, -1, 1, -1]], [[1, -1, -1, -1, -1, -1, -1, -1, -1, -1, -1, -1, -1], [-1, -1, 1, -1, -1, -1, -1, -1, -1, -1, -1, -1, -1]], [[1, -1, -1, -1, -1, -1, -1, -1, -1, -1, -1, -1, -1], [-1, -1, 1, -1, -1, -1, -1, -1, -1, -1, -1, -1, -1], [-1, 1, -1, 0, -1, -1, -1, -1, -1, -1, -1, -1, -1]], [[1, -1, -1, -1, -1, -1, -1, -1, -1, -1, -1, -1, -1], [-1, -1, 1, -1, -1, -1, -1, -1, -1, -1, -1, -1, -1], [-1, 1, -1, 0, -1, -1, -1, -1, -1, -1, -1, -1, -1]], [[1, -1, -1, -1, -1, -1, -1, -1, -1, -1, -1, -1, -1], [-1, -1, 1, -1, -1, -1, -1, -1, -1, -1, -1, -1, -1], [-1, 1, -1, 0, -1, -1, -1, -1, -1, -1, -1, -1, -1]], [[1, -1, -1, -1, -1, -1, -1, -1, -1, -1, -1, -1, -1], [-1, -1, 1, -1, -1, -1, -1, -1, -1, -1, -1, -1, -1], [-1, 1, -1, 0, -1, -1, -1, -1, -1, -1, -1, -1, -1]], [[1, -1, -1, -1, -1, -1, -1, -1, -1, -1, -1, -1, -1], [-1, -1, 1, -1, -1, -1, -1, -1, -1, -1, -1, -1, -1], [-1, 1, -1, 0, -1, -1, -1, -1, -1, -1, -1, -1, -1]], [[1, -1, -1, -1, -1, -1, -1, -1, -1, -1, -1, -1, -1], [-1, -1, 1, -1, -1, -1, -1, -1, -1, -1, -1, -1, -1], [-1, 1, -1, 0, -1, -1, -1, -1, -1, -1, -1, -1, -1]], [[1, -1, -1, -1, -1, -1, -1, -1, -1, -1, -1, -1, -1], [-1, -1, 1, -1, -1, -1, -1, -1, -1, -1, -1, -1, -1]], [[1, -1, -1, -1, -1, -1, -1, -1, -1, -1, -1, -1, -1], [-1, -1, 1, -1, -1, -1, -1, -1, -1, -1, -1, -1, -1]], [[1, -1, -1, -1, -1, -1, -1, -1, -1, -1, -1, -1, -1], [-1, -1, 1, -1, -1, -1, -1, -1, -1, -1, -1, -1, -1], [-1, -1, -1, 0, -1, 1, -1, -1, -1, -1, -1, -1, -1]], [[1, -1, -1, -1, -1, -1, -1, -1, -1, -1, -1, -1, -1], [-1, -1, 1, -1, -1, -1, -1, -1, -1, -1, -1, -1, -1]], [[1, -1, -1, -1, -1, -1, -1, -1, -1, -1, -1, -1, -1], [-1, -1, 1, -1, -1, -1, -1, -1, -1, -1, -1, -1, -1]], [[1, -1, -1, -1, -1, -1, -1, -1, -1, -1, -1, -1, -1], [-1, -1, 1, -1, -1, -1, -1, -1, -1, -1, -1, -1, -1]], [[1, -1, -1, -1, -1, -1, -1, -1, -1, -1, -1, -1, -1], [-1, -1, 1, -1, -1, -1, -1, -1, -1, -1, -1, -1, -1]], [[1, -1, -1, -1, -1, -1, -1, -1, -1, -1, -1, -1, -1], [-1, -1, 1, -1, -1, -1, -1, -1, -1, -1, -1, -1, -1]], [[1, -1, -1, -1, -1, -1, -1, -1, -1, -1, -1, -1, -1], [-1, -1, 1, -1, -1, -1, -1, -1, -1, -1, -1, -1, -1]], [[1, -1, -1, -1, -1, -1, -1, -1, -1, -1, -1, -1, -1], [-1, -1, 1, -1, -1, -1, -1, -1, -1, -1, -1, -1, -1]], [[1, -1, -1, -1, -1, -1, -1, -1, -1, -1, -1, -1, -1], [-1, -1, 1, -1, -1, -1, -1, -1, -1, -1, -1, -1, -1]], [[1, -1, -1, -1, -1, -1, -1, -1, -1, -1, -1, -1, -1], [-1, -1, 1, -1, -1, -1, -1, -1, -1, -1, -1, -1, -1]], [[1, -1, -1, -1, -1, -1, -1, -1, -1, -1, -1, -1, -1], [-1, -1, 1, -1, -1, -1, -1, -1, -1, -1, -1, -1, -1]], [[1, -1, -1, -1, -1, -1, -1, -1, -1, -1, -1, -1, -1], [-1, -1, 1, -1, -1, -1, -1, -1, -1, -1, -1, -1, -1]], [[1, -1, -1, -1, -1, -1, -1, -1, -1, -1, -1, -1, -1], [-1, -1, 1, -1, -1, -1, -1, -1, -1, -1, -1, -1, -1]], [[1, -1, -1, -1, -1, -1, -1, -1, -1, -1, -1, -1, -1], [-1, -1, 1, -1, -1, -1, -1, -1, -1, -1, -1, -1, -1]], [[1, -1, -1, -1, -1, -1, -1, -1, -1, -1, -1, -1, -1], [-1, -1, 1, -1, -1, -1, -1, -1, -1, -1, -1, -1, -1]], [[1, -1, -1, -1, -1, -1, -1, -1, -1, -1, -1, -1, -1], [-1, -1, 1, -1, -1, -1, -1, -1, -1, -1, -1, -1, -1]], [[1, -1, -1, -1, -1, -1, -1, -1, -1, -1, -1, -1, -1], [-1, -1, 1, -1, -1, -1, -1, -1, -1, -1, -1, -1, -1]], [[1, -1, -1, -1, -1, -1, -1, -1, -1, -1, -1, -1, -1], [-1, -1, 1, -1, -1, -1, -1, -1, -1, -1, -1, -1, -1], [-1, -1, -1, -1, -1, -1, -1, -1, -1, -1, -1, -1, 0]], [[1, -1, -1, -1, -1, -1, -1, -1, -1, -1, -1, -1, -1], [-1, -1, 1, -1, -1, -1, -1, -1, -1, -1, -1, -1, -1], [-1, -1, -1, -1, -1, -1, -1, -1, -1, -1, -1, -1, 0]]]
14 40 
 [[[1, -1, -1, -1, -1, -1, -1, -1, -1, -1, -1, -1, -1, -1], [-1, 1, -1, -1, -1, -1, -1, -1, -1, -1, -1, -1, -1, -1], [-1, -1, 1, -1, -1, -1, -1, -1, -1, -1, -1, -1, -1, -1], [-1, -1, -1, 1, -1, -1, -1, -1, -1, -1, -1, -1, -1, -1], [-1, -1, -1, -1, -1, 1, -1, -1, -1, -1, -1, -1, -1, -1], [-1, -1, -1, -1, -1, -1, -1, -1, -1, 1, -1, -1, -1, -1], [-1, -1, -1, -1, -1, -1, -1, -1, -1, -1, -1, 1, -1, -1], [-1, -1, -1, -1, -1, -1, -1, -1, -1, -1, -1, -1, 1, -1]], [[1, -1, -1, -1, -1, -1, -1, -1, -1, -1, -1, -1, -1, -1], [-1, 1, -1, -1, -1, -1, -1, -1, -1, -1, -1, -1, -1, -1], [-1, -1, 1, -1, -1, -1, -1, -1, -1, -1, -1, -1, -1, -1], [-1, -1, -1, 1, -1, -1, -1, -1, -1, -1, -1, -1, -1, -1], [-1, -1, -1, -1, -1, -1, -1, -1, -1, 1, -1, -1, -1, -1], [-1, -1, -1, -1, -1, -1, -1, -1, -1, -1, -1, 1, -1, -1]], [[1, -1, -1, -1, -1, -1, -1, -1, -1, -1, -1, -1, -1, -1], [-1, 1, -1, -1, -1, -1, -1, -1, -1, -1, -1, -1, -1, -1], [-1, -1, 1, -1, -1, -1, -1, -1, -1, -1, -1, -1, -1, -1], [-1, -1, -1, 1, -1, -1, -1, -1, -1, -1, -1, -1, -1, -1], [-1, -1, -1, -1, -1, -1, -1, -1, -1, -1, -1, 1, -1, -1], [-1, -1, -1, 0, -1, -1, -1, -1, -1, 1, -1, 0, -1, -1]], [[1, -1, -1, -1, -1, -1, -1, -1, -1, -1, -1, -1, -1, -1], [-1, 1, -1, -1, -1, -1, -1, -1, -1, -1, -1, -1, -1, -1], [-1, -1, 1, -1, -1, -1, -1, -1, -1, -1, -1, -1, -1, -1], [-1, -1, -1, 1, -1, -1, -1, -1, -1, -1, -1, -1, -1, -1], [-1, -1, -1, -1, -1, -1, -1, -1, -1, -1, -1, 1, -1, -1], [-1, -1, -1, 0, -1, -1, -1, -1, -1, 1, -1, 0, -1, -1]], [[1, -1, -1, -1, -1, -1, -1, -1, -1, -1, -1, -1, -1, -1], [-1, 1, -1, -1, -1, -1, -1, -1, -1, -1, -1, -1, -1, -1], [-1, -1, 1, -1, -1, -1, -1, -1, -1, -1, -1, -1, -1, -1], [-1, -1, -1, 1, -1, -1, -1, -1, -1, -1, -1, -1, -1, -1], [-1, -1, -1, -1, -1, -1, -1, -1, -1, -1, -1, 1, -1, -1], [-1, -1, -1, 0, -1, 1, -1, -1, -1, -1, -1, -1, -1, -1], [-1, -1, -1, 0, -1, -1, -1, -1, -1, 1, -1, -1, -1, -1]], [[1, -1, -1, -1, -1, -1, -1, -1, -1, -1, -1, -1, -1, -1], [-1, 1, -1, -1, -1, -1, -1, -1, -1, -1, -1, -1, -1, -1], [-1, -1, 1, -1, -1, -1, -1, -1, -1, -1, -1, -1, -1, -1], [-1, -1, -1, 1, -1, -1, -1, -1, -1, -1, -1, -1, -1, -1], [-1, -1, -1, -1, -1, -1, -1, -1, -1, -1, -1, 1, -1, -1], [-1, -1, -1, 0, -1, 1, -1, -1, -1, -1, -1, -1, -1, -1], [-1, -1, -1, 0, -1, -1, -1, -1, -1, 1, -1, -1, -1, -1]], [[1, -1, -1, -1, -1, -1, -1, -1, -1, -1, -1, -1, -1, -1], [-1, 1, -1, -1, -1, -1, -1, -1, -1, -1, -1, -1, -1, -1], [-1, -1, 1, -1, -1, -1, -1, -1, -1, -1, -1, -1, -1, -1], [-1, -1, -1, 1, -1, -1, -1, -1, -1, -1, -1, -1, -1, -1], [-1, -1, -1, -1, -1, -1, -1, -1, -1, -1, -1, 1, -1, -1], [-1, -1, -1, 0, -1, -1, -1, -1, -1, 1, -1, -1, -1, -1], [-1, -1, -1, 0, -1, -1, -1, -1, -1, -1, -1, -1, 1, -1], [-1, -1, -1, -1, -1, 1, -1, -1, -1, -1, -1, -1, -1, -1]], [[1, -1, -1, -1, -1, -1, -1, -1, -1, -1, -1, -1, -1, -1], [-1, 1, -1, -1, -1, -1, -1, -1, -1, -1, -1, -1, -1, -1], [-1, -1, 1, -1, -1, -1, -1, -1, -1, -1, -1, -1, -1, -1], [-1, -1, -1, 1, -1, -1, -1, -1, -1, -1, -1, -1, -1, -1], [-1, -1, -1, -1, -1, -1, -1, -1, -1, -1, -1, 1, -1, -1], [-1, -1, -1, 0, -1, -1, -1, -1, -1, -1, -1, -1, 1, -1]], [[1, -1, -1, -1, -1, -1, -1, -1, -1, -1, -1, -1, -1, -1], [-1, 1, -1, -1, -1, -1, -1, -1, -1, -1, -1, -1, -1, -1], [-1, -1, 1, -1, -1, -1, -1, -1, -1, -1, -1, -1, -1, -1], [-1, -1, -1, 1, -1, -1, -1, -1, -1, -1, -1, -1, -1, -1], [-1, -1, -1, -1, -1, -1, -1, -1, -1, -1, -1, 1, -1, -1], [-1, -1, -1, 0, -1, -1, -1, -1, -1, -1, -1, -1, 1, -1], [-1, -1, -1, 0, -1, 1, -1, -1, -1, -1, -1, -1, -1, -1]], [[1, -1, -1, -1, -1, -1, -1, -1, -1, -1, -1, -1, -1, -1], [-1, 1, -1, -1, -1, -1, -1, -1, -1, -1, -1, -1, -1, -1], [-1, -1, 1, -1, -1, -1, -1, -1, -1, -1, -1, -1, -1, -1], [-1, -1, -1, 1, -1, -1, -1, -1, -1, -1, -1, -1, -1, -1], [-1, -1, -1, -1, -1, -1, -1, -1, -1, -1, -1, 1, -1, -1], [-1, -1, -1, 0, -1, -1, -1, -1, -1, -1, -1, -1, 1, -1]], [[1, -1, -1, -1, -1, -1, -1, -1, -1, -1, -1, -1, -1, -1], [-1, -1, 1, -1, -1, -1, -1, -1, -1, -1, -1, -1, -1, -1], [-1, -1, -1, 1, -1, -1, -1, -1, -1, -1, -1, -1, -1, -1], [-1, -1, -1, -1, -1, -1, -1, -1, -1, -1, -1, 1, -1, -1], [-1, -1, -1, 0, -1, -1, -1, -1, -1, -1, -1, -1, 1, -1]], [[1, -1, -1, -1, -1, -1, -1, -1, -1, -1, -1, -1, -1, -1], [-1, -1, 1, -1, -1, -1, -1, -1, -1, -1, -1, -1, -1, -1], [-1, -1, -1, 1, -1, -1, -1, -1, -1, -1, -1, -1, -1, -1], [-1, -1, -1, -1, -1, -1, -1, -1, -1, -1, -1, 1, -1, -1]], [[1, -1, -1, -1, -1, -1, -1, -1, -1, -1, -1, -1, -1, -1], [-1, -1, 1, -1, -1, -1, -1, -1, -1, -1, -1, -1, -1, -1]], [[1, -1, -1, -1, -1, -1, -1, -1, -1, -1, -1, -1, -1, -1], [-1, -1, 1, -1, -1, -1, -1, -1, -1, -1, -1, -1, -1, -1], [-1, 1, -1, 0, -1, -1, -1, -1, -1, -1, -1, -1, -1, -1]], [[1, -1, -1, -1, -1, -1, -1, -1, -1, -1, -1, -1, -1, -1], [-1, -1, 1, -1, -1, -1, -1, -1, -1, -1, -1, -1, -1, -1], [-1, 1, -1, 0, -1, -1, -1, -1, -1, -1, -1, -1, -1, -1]], [[1, -1, -1, -1, -1, -1, -1, -1, -1, -1, -1, -1, -1, -1], [-1, -1, 1, -1, -1, -1, -1, -1, -1, -1, -1, -1, -1, -1], [-1, 1, -1, 0, -1, -1, -1, -1, -1, -1, -1, -1, -1, -1]], [[1, -1, -1, -1, -1, -1, -1, -1, -1, -1, -1, -1, -1, -1], [-1, -1, 1, -1, -1, -1, -1, -1, -1, -1, -1, -1, -1, -1], [-1, 1, -1, 0, -1, -1, -1, -1, -1, -1, -1, -1, -1, -1]], [[1, -1, -1, -1, -1, -1, -1, -1, -1, -1, -1, -1, -1, -1], [-1, -1, 1, -1, -1, -1, -1, -1, -1, -1, -1, -1, -1, -1], [-1, 1, -1, 0, -1, -1, -1, -1, -1, -1, -1, -1, -1, -1]], [[1, -1, -1, -1, -1, -1, -1, -1, -1, -1, -1, -1, -1, -1], [-1, -1, 1, -1, -1, -1, -1, -1, -1, -1, -1, -1, -1, -1], [-1, 1, -1, 0, -1, -1, -1, -1, -1, -1, -1, -1, -1, -1]], [[1, -1, -1, -1, -1, -1, -1, -1, -1, -1, -1, -1, -1, -1], [-1, -1, 1, -1, -1, -1, -1, -1, -1, -1, -1, -1, -1, -1]], [[1, -1, -1, -1, -1, -1, -1, -1, -1, -1, -1, -1, -1, -1], [-1, -1, 1, -1, -1, -1, -1, -1, -1, -1, -1, -1, -1, -1]], [[1, -1, -1, -1, -1, -1, -1, -1, -1, -1, -1, -1, -1, -1], [-1, -1, 1, -1, -1, -1, -1, -1, -1, -1, -1, -1, -1, -1], [-1, -1, -1, 0, -1, 1, -1, -1, -1, -1, -1, -1, -1, -1]], [[1, -1, -1, -1, -1, -1, -1, -1, -1, -1, -1, -1, -1, -1], [-1, -1, 1, -1, -1, -1, -1, -1, -1, -1, -1, -1, -1, -1]], [[1, -1, -1, -1, -1, -1, -1, -1, -1, -1, -1, -1, -1, -1], [-1, -1, 1, -1, -1, -1, -1, -1, -1, -1, -1, -1, -1, -1]], [[1, -1, -1, -1, -1, -1, -1, -1, -1, -1, -1, -1, -1, -1], [-1, -1, 1, -1, -1, -1, -1, -1, -1, -1, -1, -1, -1, -1]], [[1, -1, -1, -1, -1, -1, -1, -1, -1, -1, -1, -1, -1, -1], [-1, -1, 1, -1, -1, -1, -1, -1, -1, -1, -1, -1, -1, -1]], [[1, -1, -1, -1, -1, -1, -1, -1, -1, -1, -1, -1, -1, -1], [-1, -1, 1, -1, -1, -1, -1, -1, -1, -1, -1, -1, -1, -1]], [[1, -1, -1, -1, -1, -1, -1, -1, -1, -1, -1, -1, -1, -1], [-1, -1, 1, -1, -1, -1, -1, -1, -1, -1, -1, -1, -1, -1]], [[1, -1, -1, -1, -1, -1, -1, -1, -1, -1, -1, -1, -1, -1], [-1, -1, 1, -1, -1, -1, -1, -1, -1, -1, -1, -1, -1, -1]], [[1, -1, -1, -1, -1, -1, -1, -1, -1, -1, -1, -1, -1, -1], [-1, -1, 1, -1, -1, -1, -1, -1, -1, -1, -1, -1, -1, -1]], [[1, -1, -1, -1, -1, -1, -1, -1, -1, -1, -1, -1, -1, -1], [-1, -1, 1, -1, -1, -1, -1, -1, -1, -1, -1, -1, -1, -1]], [[1, -1, -1, -1, -1, -1, -1, -1, -1, -1, -1, -1, -1, -1], [-1, -1, 1, -1, -1, -1, -1, -1, -1, -1, -1, -1, -1, -1]], [[1, -1, -1, -1, -1, -1, -1, -1, -1, -1, -1, -1, -1, -1], [-1, -1, 1, -1, -1, -1, -1, -1, -1, -1, -1, -1, -1, -1]], [[1, -1, -1, -1, -1, -1, -1, -1, -1, -1, -1, -1, -1, -1], [-1, -1, 1, -1, -1, -1, -1, -1, -1, -1, -1, -1, -1, -1]], [[1, -1, -1, -1, -1, -1, -1, -1, -1, -1, -1, -1, -1, -1], [-1, -1, 1, -1, -1, -1, -1, -1, -1, -1, -1, -1, -1, -1]], [[1, -1, -1, -1, -1, -1, -1, -1, -1, -1, -1, -1, -1, -1], [-1, -1, 1, -1, -1, -1, -1, -1, -1, -1, -1, -1, -1, -1]], [[1, -1, -1, -1, -1, -1, -1, -1, -1, -1, -1, -1, -1, -1], [-1, -1, 1, -1, -1, -1, -1, -1, -1, -1, -1, -1, -1, -1]], [[1, -1, -1, -1, -1, -1, -1, -1, -1, -1, -1, -1, -1, -1], [-1, -1, 1, -1, -1, -1, -1, -1, -1, -1, -1, -1, -1, -1]], [[1, -1, -1, -1, -1, -1, -1, -1, -1, -1, -1, -1, -1, -1], [-1, -1, 1, -1, -1, -1, -1, -1, -1, -1, -1, -1, -1, -1], [-1, -1, -1, -1, -1, -1, -1, -1, -1, -1, -1, -1, 0, -1]], [[1, -1, -1, -1, -1, -1, -1, -1, -1, -1, -1, -1, -1, -1], [-1, -1, 1, -1, -1, -1, -1, -1, -1, -1, -1, -1, -1, -1], [-1, -1, -1, -1, -1, -1, -1, -1, -1, -1, -1, -1, 0, -1]]]
