execution time
400 0.09067487716674805 0.14405012130737305
500 0.09032917022705078 0.12148404121398926


number of patterns
400 1151 1788
500 760 812


patterns in result
data size = 0
[
[[0, -1, -1, -1, -1, -1], [-1, 0, -1, -1, -1, -1], [-1, 1, -1, -1, -1, -1], [-1, -1, -1, 0, -1, -1], [-1, -1, -1, 1, -1, -1], [-1, -1, -1, -1, 0, -1], [-1, -1, -1, -1, 1, -1], [-1, -1, -1, -1, -1, 0]],
[[-1, 0, -1, -1, -1, -1], [-1, 1, -1, -1, -1, -1], [-1, -1, -1, 1, -1, -1], [-1, -1, -1, -1, 0, -1], [-1, -1, -1, -1, 1, -1], [-1, -1, -1, -1, -1, 0]],
[[-1, 0, -1, -1, -1, -1], [-1, 1, -1, -1, -1, -1], [-1, -1, -1, 1, -1, -1], [-1, -1, -1, -1, 0, -1], [-1, -1, -1, -1, 1, -1], [-1, -1, -1, -1, -1, 0]],
[[-1, 0, -1, -1, -1, -1], [-1, 1, -1, -1, -1, -1], [-1, -1, -1, 1, -1, -1], [-1, -1, -1, -1, 0, -1], [-1, -1, -1, -1, 1, -1], [0, -1, -1, -1, -1, 0], [-1, -1, -1, 0, -1, 0]],
[[-1, 1, -1, -1, -1, -1], [-1, -1, -1, 1, -1, -1], [-1, -1, -1, -1, 0, -1], [-1, -1, -1, -1, 1, -1], [-1, 0, -1, 0, -1, -1], [-1, 0, -1, -1, -1, 0], [-1, -1, -1, 0, -1, 0]],
[[-1, 1, -1, -1, -1, -1], [-1, -1, -1, 1, -1, -1], [-1, -1, -1, -1, 0, -1], [-1, 0, -1, 0, -1, -1], [-1, 0, -1, -1, 1, -1], [-1, 0, -1, -1, -1, 0], [-1, -1, -1, 0, 1, -1], [-1, -1, -1, -1, 1, 0]],
[[-1, 1, -1, -1, -1, -1], [-1, -1, -1, 1, -1, -1], [-1, -1, -1, -1, 0, -1], [-1, 0, -1, 0, -1, -1], [-1, 0, -1, -1, 1, -1], [-1, 0, -1, -1, -1, 0], [-1, -1, -1, 0, 1, -1], [-1, -1, -1, -1, 1, 0]],
[[-1, 1, -1, -1, -1, -1], [-1, -1, -1, 1, -1, -1], [-1, -1, -1, -1, 0, -1], [-1, 0, -1, 0, -1, -1], [-1, 0, -1, -1, 1, -1], [-1, 0, -1, -1, -1, 0], [-1, -1, -1, 0, 1, 0]], [[-1, 1, -1, -1, -1, -1], [-1, -1, -1, 1, -1, -1], [-1, -1, -1, -1, 0, -1], [-1, 0, -1, -1, 1, -1], [-1, 0, -1, -1, -1, 0], [-1, 0, 0, 0, -1, -1], [-1, -1, -1, 0, 1, 0]],
[[-1, 1, -1, -1, -1, -1], [-1, -1, -1, 1, -1, -1], [-1, -1, -1, -1, 0, -1], [-1, 0, -1, -1, 1, -1], [-1, 0, -1, -1, -1, 0]],
[[0, -1, -1, -1, -1, -1], [-1, 0, -1, -1, -1, -1], [-1, 1, -1, -1, -1, -1], [-1, -1, 0, -1, -1, -1], [-1, -1, -1, 0, -1, -1], [-1, -1, -1, 1, -1, -1], [-1, -1, -1, -1, 0, -1], [-1, -1, -1, -1, 1, -1], [-1, -1, -1, -1, -1, 0]],
[[-1, 0, -1, -1, -1, -1], [-1, 1, -1, -1, -1, -1], [-1, -1, -1, 0, -1, -1], [-1, -1, -1, 1, -1, -1], [-1, -1, -1, -1, 0, -1], [-1, -1, -1, -1, 1, -1], [-1, -1, -1, -1, -1, 0], [0, -1, 0, -1, -1, -1]],
[[-1, 0, -1, -1, -1, -1], [-1, 1, -1, -1, -1, -1], [-1, -1, -1, 0, -1, -1], [-1, -1, -1, 1, -1, -1], [-1, -1, -1, -1, 0, -1], [-1, -1, -1, -1, 1, -1], [-1, -1, -1, -1, -1, 0]],
[[-1, 0, -1, -1, -1, -1], [-1, 1, -1, -1, -1, -1], [-1, -1, -1, 0, -1, -1], [-1, -1, -1, 1, -1, -1], [-1, -1, -1, -1, 0, -1], [-1, -1, -1, -1, 1, -1], [-1, -1, -1, -1, -1, 0]], [[-1, 0, -1, -1, -1, -1], [-1, 1, -1, -1, -1, -1], [-1, -1, -1, 1, -1, -1], [-1, -1, -1, -1, 0, -1], [-1, -1, -1, -1, 1, -1], [-1, -1, -1, -1, -1, 0], [-1, -1, 0, 0, -1, -1]],
[[-1, 0, -1, -1, -1, -1], [-1, 1, -1, -1, -1, -1], [-1, -1, -1, 1, -1, -1], [-1, -1, -1, -1, 0, -1], [-1, -1, -1, -1, 1, -1], [-1, -1, -1, -1, -1, 0]],
[[-1, 0, -1, -1, -1, -1], [-1, 1, -1, -1, -1, -1], [-1, -1, -1, 1, -1, -1], [-1, -1, -1, -1, 0, -1], [-1, -1, -1, -1, 1, -1], [0, -1, -1, -1, -1, 0], [-1, -1, -1, 0, -1, 0]],
[[-1, 0, -1, -1, -1, -1], [-1, 1, -1, -1, -1, -1], [-1, -1, -1, 1, -1, -1], [-1, -1, -1, -1, 0, -1], [-1, -1, -1, -1, 1, -1], [-1, -1, -1, 0, -1, 0]],
[[-1, 0, -1, -1, -1, -1], [-1, 1, -1, -1, -1, -1], [-1, -1, -1, 1, -1, -1], [-1, -1, -1, -1, 0, -1], [-1, -1, -1, -1, 1, -1], [-1, -1, -1, 0, -1, 0]],
[[-1, 0, -1, -1, -1, -1], [-1, 1, -1, -1, -1, -1], [-1, -1, -1, 1, -1, -1], [-1, -1, -1, -1, 0, -1], [-1, -1, -1, -1, 1, -1], [-1, -1, -1, 0, -1, 0]],
[[0, -1, -1, -1, -1, -1], [-1, 0, -1, -1, -1, -1], [-1, 1, -1, -1, -1, -1], [-1, -1, 0, -1, -1, -1], [-1, -1, -1, 0, -1, -1], [-1, -1, -1, 1, -1, -1], [-1, -1, -1, -1, 0, -1], [-1, -1, -1, -1, 1, -1], [-1, -1, -1, -1, -1, 0]],
[[-1, 0, -1, -1, -1, -1], [-1, 1, -1, -1, -1, -1], [-1, -1, -1, 0, -1, -1], [-1, -1, -1, 1, -1, -1], [-1, -1, -1, -1, 0, -1], [-1, -1, -1, -1, 1, -1], [-1, -1, -1, -1, -1, 0], [0, -1, 0, -1, -1, -1]],
[[-1, 0, -1, -1, -1, -1], [-1, 1, -1, -1, -1, -1], [-1, -1, -1, 0, -1, -1], [-1, -1, -1, 1, -1, -1], [-1, -1, -1, -1, 0, -1], [-1, -1, -1, -1, 1, -1], [-1, -1, -1, -1, -1, 0]],
[[-1, 0, -1, -1, -1, -1], [-1, 1, -1, -1, -1, -1], [-1, -1, -1, 0, -1, -1], [-1, -1, -1, 1, -1, -1], [-1, -1, -1, -1, 0, -1], [-1, -1, -1, -1, 1, -1], [-1, -1, -1, -1, -1, 0]],
[[-1, 0, -1, -1, -1, -1], [-1, 1, -1, -1, -1, -1], [-1, -1, -1, 0, -1, -1], [-1, -1, -1, 1, -1, -1], [-1, -1, -1, -1, 0, -1], [-1, -1, -1, -1, 1, -1], [-1, -1, -1, -1, -1, 0]],
[[-1, 0, -1, -1, -1, -1], [-1, 1, -1, -1, -1, -1], [-1, -1, -1, 0, -1, -1], [-1, -1, -1, 1, -1, -1], [-1, -1, -1, -1, 0, -1], [-1, -1, -1, -1, 1, -1], [-1, -1, -1, -1, -1, 0]],
[[-1, 0, -1, -1, -1, -1], [-1, 1, -1, -1, -1, -1], [-1, -1, -1, 1, -1, -1], [-1, -1, -1, -1, 0, -1], [-1, -1, -1, -1, 1, -1], [0, -1, -1, -1, -1, 0], [-1, -1, 0, 0, -1, -1], [-1, -1, -1, 0, -1, 0]],
[[-1, 0, -1, -1, -1, -1], [-1, 1, -1, -1, -1, -1], [-1, -1, -1, 1, -1, -1], [-1, -1, -1, -1, 0, -1], [-1, -1, -1, -1, 1, -1], [-1, -1, -1, 0, -1, 0]],
[[-1, 0, -1, -1, -1, -1], [-1, 1, -1, -1, -1, -1], [-1, -1, -1, 1, -1, -1], [-1, -1, -1, -1, 0, -1], [-1, -1, -1, -1, 1, -1], [-1, -1, -1, 0, -1, 0]],
[[-1, 0, -1, -1, -1, -1], [-1, 1, -1, -1, -1, -1], [-1, -1, -1, 1, -1, -1], [-1, -1, -1, -1, 0, -1], [-1, -1, -1, -1, 1, -1], [-1, -1, -1, 0, -1, 0]],
[[0, -1, -1, -1, -1, -1], [-1, 0, -1, -1, -1, -1], [-1, 1, -1, -1, -1, -1], [-1, -1, 0, -1, -1, -1], [-1, -1, -1, 0, -1, -1], [-1, -1, -1, 1, -1, -1], [-1, -1, -1, -1, 0, -1], [-1, -1, -1, -1, 1, -1], [-1, -1, -1, -1, -1, 0]],
[[0, -1, -1, -1, -1, -1], [-1, 0, -1, -1, -1, -1], [-1, 1, -1, -1, -1, -1], [-1, -1, -1, 0, -1, -1], [-1, -1, -1, 1, -1, -1], [-1, -1, -1, -1, 0, -1], [-1, -1, -1, -1, 1, -1], [-1, -1, -1, -1, -1, 0]],
[[0, -1, -1, -1, -1, -1], [-1, 0, -1, -1, -1, -1], [-1, 1, -1, -1, -1, -1], [-1, -1, -1, 0, -1, -1], [-1, -1, -1, 1, -1, -1], [-1, -1, -1, -1, 0, -1], [-1, -1, -1, -1, 1, -1], [-1, -1, -1, -1, -1, 0]],
[[-1, 0, -1, -1, -1, -1], [-1, 1, -1, -1, -1, -1], [-1, -1, -1, 0, -1, -1], [-1, -1, -1, 1, -1, -1], [-1, -1, -1, -1, 0, -1], [-1, -1, -1, -1, 1, -1], [-1, -1, -1, -1, -1, 0], [0, -1, 0, -1, -1, -1]],
[[-1, 0, -1, -1, -1, -1], [-1, 1, -1, -1, -1, -1], [-1, -1, -1, 0, -1, -1], [-1, -1, -1, 1, -1, -1], [-1, -1, -1, -1, 0, -1], [-1, -1, -1, -1, 1, -1], [-1, -1, -1, -1, -1, 0]],
[[-1, 0, -1, -1, -1, -1], [-1, 1, -1, -1, -1, -1], [-1, -1, -1, 0, -1, -1], [-1, -1, -1, 1, -1, -1], [-1, -1, -1, -1, 0, -1], [-1, -1, -1, -1, 1, -1], [-1, -1, -1, -1, -1, 0]],
[[-1, 0, -1, -1, -1, -1], [-1, 1, -1, -1, -1, -1], [-1, -1, -1, 0, -1, -1], [-1, -1, -1, 1, -1, -1], [-1, -1, -1, -1, 0, -1], [-1, -1, -1, -1, 1, -1], [0, -1, -1, -1, -1, 0]],
[[-1, 0, -1, -1, -1, -1], [-1, 1, -1, -1, -1, -1], [-1, -1, -1, 1, -1, -1], [-1, -1, -1, -1, 0, -1], [-1, -1, -1, -1, 1, -1], [0, -1, -1, 0, -1, -1], [0, -1, -1, -1, -1, 0], [-1, -1, 0, 0, -1, -1], [-1, -1, -1, 0, -1, 0]],
[[-1, 0, -1, -1, -1, -1], [-1, 1, -1, -1, -1, -1], [-1, -1, -1, 1, -1, -1], [-1, -1, -1, -1, 0, -1], [-1, -1, -1, -1, 1, -1], [0, -1, -1, 0, -1, -1], [0, -1, -1, -1, -1, 0], [-1, -1, 0, 0, -1, -1], [-1, -1, -1, 0, -1, 0]],
[[-1, 0, -1, -1, -1, -1], [-1, 1, -1, -1, -1, -1], [-1, -1, -1, 1, -1, -1], [-1, -1, -1, -1, 0, -1], [-1, -1, -1, -1, 1, -1], [0, -1, -1, 0, -1, -1], [0, -1, -1, -1, -1, 0], [-1, -1, -1, 0, -1, 0]]]


data size = 1
[[[0, -1, -1, -1, -1, -1], [1, -1, -1, -1, -1, -1], [-1, 0, -1, -1, -1, -1], [-1, 1, -1, -1, -1, -1], [-1, -1, 0, -1, -1, -1], [-1, -1, 1, -1, -1, -1], [-1, -1, -1, 0, -1, -1], [-1, -1, -1, 1, -1, -1], [-1, -1, -1, -1, 0, -1], [-1, -1, -1, -1, 1, -1], [-1, -1, -1, -1, -1, 0], [-1, -1, -1, -1, -1, 1]], [[0, -1, -1, -1, -1, -1], [1, -1, -1, -1, -1, -1], [-1, 0, -1, -1, -1, -1], [-1, 1, -1, -1, -1, -1], [-1, -1, 0, -1, -1, -1], [-1, -1, 1, -1, -1, -1], [-1, -1, -1, 0, -1, -1], [-1, -1, -1, 1, -1, -1], [-1, -1, -1, -1, 0, -1], [-1, -1, -1, -1, 1, -1], [-1, -1, -1, -1, -1, 0], [-1, -1, -1, -1, -1, 1]], [[0, -1, -1, -1, -1, -1], [1, -1, -1, -1, -1, -1], [-1, 0, -1, -1, -1, -1], [-1, 1, -1, -1, -1, -1], [-1, -1, 0, -1, -1, -1], [-1, -1, 1, -1, -1, -1], [-1, -1, -1, 0, -1, -1], [-1, -1, -1, 1, -1, -1], [-1, -1, -1, -1, 0, -1], [-1, -1, -1, -1, 1, -1], [-1, -1, -1, -1, -1, 0], [-1, -1, -1, -1, -1, 1]], [[0, -1, -1, -1, -1, -1], [1, -1, -1, -1, -1, -1], [-1, 0, -1, -1, -1, -1], [-1, 1, -1, -1, -1, -1], [-1, -1, 1, -1, -1, -1], [-1, -1, -1, 0, -1, -1], [-1, -1, -1, 1, -1, -1], [-1, -1, -1, -1, 0, -1], [-1, -1, -1, -1, 1, -1], [-1, -1, -1, -1, -1, 0], [-1, -1, -1, -1, -1, 1]], [[1, -1, -1, -1, -1, -1], [-1, 0, -1, -1, -1, -1], [-1, 1, -1, -1, -1, -1], [-1, -1, 1, -1, -1, -1], [-1, -1, -1, 1, -1, -1], [-1, -1, -1, -1, 0, -1], [-1, -1, -1, -1, 1, -1], [-1, -1, -1, -1, -1, 0], [-1, -1, -1, -1, -1, 1], [0, -1, 0, -1, -1, -1], [0, -1, -1, 0, -1, -1], [-1, -1, 0, 0, -1, -1]], [[1, -1, -1, -1, -1, -1], [-1, 0, -1, -1, -1, -1], [-1, 1, -1, -1, -1, -1], [-1, -1, 1, -1, -1, -1], [-1, -1, -1, 1, -1, -1], [-1, -1, -1, -1, 0, -1], [-1, -1, -1, -1, 1, -1], [-1, -1, -1, -1, -1, 0], [-1, -1, -1, -1, -1, 1], [0, -1, 0, -1, -1, -1], [0, -1, -1, 0, -1, -1], [-1, -1, 0, 0, -1, -1]], [[1, -1, -1, -1, -1, -1], [-1, 0, -1, -1, -1, -1], [-1, 1, -1, -1, -1, -1], [-1, -1, 1, -1, -1, -1], [-1, -1, -1, 1, -1, -1], [-1, -1, -1, -1, 0, -1], [-1, -1, -1, -1, 1, -1], [-1, -1, -1, -1, -1, 0], [-1, -1, -1, -1, -1, 1], [0, -1, 0, -1, -1, -1], [0, -1, -1, 0, -1, -1], [-1, -1, 0, 0, -1, -1]], [[1, -1, -1, -1, -1, -1], [-1, 1, -1, -1, -1, -1], [-1, -1, 1, -1, -1, -1], [-1, -1, -1, 1, -1, -1], [-1, -1, -1, -1, 0, -1], [-1, -1, -1, -1, 1, -1], [-1, -1, -1, -1, -1, 0], [-1, -1, -1, -1, -1, 1], [0, 0, -1, -1, -1, -1], [0, -1, 0, -1, -1, -1], [0, -1, -1, 0, -1, -1], [-1, 0, 0, -1, -1, -1], [-1, 0, -1, 0, -1, -1], [-1, -1, 0, 0, -1, -1]], [[1, -1, -1, -1, -1, -1], [-1, 1, -1, -1, -1, -1], [-1, -1, 1, -1, -1, -1], [-1, -1, -1, 1, -1, -1], [-1, -1, -1, -1, 0, -1], [-1, -1, -1, -1, 1, -1], [-1, -1, -1, -1, -1, 1], [0, 0, -1, -1, -1, -1], [0, -1, -1, -1, -1, 0], [-1, 0, 0, -1, -1, -1], [-1, 0, -1, 0, -1, -1], [-1, 0, -1, -1, -1, 0], [-1, -1, 0, -1, -1, 0], [-1, -1, -1, 0, -1, 0], [0, -1, 0, 0, -1, -1]], [[1, -1, -1, -1, -1, -1], [-1, 1, -1, -1, -1, -1], [-1, -1, 1, -1, -1, -1], [-1, -1, -1, 1, -1, -1], [-1, -1, -1, -1, 0, -1], [-1, -1, -1, -1, -1, 1], [0, 0, -1, -1, -1, -1], [0, -1, -1, -1, 1, -1], [0, -1, -1, -1, -1, 0], [-1, 0, 0, -1, -1, -1], [-1, 0, -1, 0, -1, -1], [-1, 0, -1, -1, 1, -1], [-1, 0, -1, -1, -1, 0], [-1, -1, 0, -1, 1, -1], [-1, -1, 0, -1, -1, 0], [-1, -1, -1, 0, 1, -1], [-1, -1, -1, 0, -1, 0], [-1, -1, -1, -1, 1, 0], [0, -1, 0, 0, -1, -1]], [[0, -1, -1, -1, -1, -1], [1, -1, -1, -1, -1, -1], [-1, 0, -1, -1, -1, -1], [-1, 1, -1, -1, -1, -1], [-1, -1, 0, -1, -1, -1], [-1, -1, 1, -1, -1, -1], [-1, -1, -1, 0, -1, -1], [-1, -1, -1, 1, -1, -1], [-1, -1, -1, -1, 0, -1], [-1, -1, -1, -1, 1, -1], [-1, -1, -1, -1, -1, 0], [-1, -1, -1, -1, -1, 1]], [[0, -1, -1, -1, -1, -1], [1, -1, -1, -1, -1, -1], [-1, 0, -1, -1, -1, -1], [-1, 1, -1, -1, -1, -1], [-1, -1, 0, -1, -1, -1], [-1, -1, 1, -1, -1, -1], [-1, -1, -1, 0, -1, -1], [-1, -1, -1, 1, -1, -1], [-1, -1, -1, -1, 0, -1], [-1, -1, -1, -1, 1, -1], [-1, -1, -1, -1, -1, 0], [-1, -1, -1, -1, -1, 1]], [[0, -1, -1, -1, -1, -1], [1, -1, -1, -1, -1, -1], [-1, 0, -1, -1, -1, -1], [-1, 1, -1, -1, -1, -1], [-1, -1, 0, -1, -1, -1], [-1, -1, 1, -1, -1, -1], [-1, -1, -1, 0, -1, -1], [-1, -1, -1, 1, -1, -1], [-1, -1, -1, -1, 0, -1], [-1, -1, -1, -1, 1, -1], [-1, -1, -1, -1, -1, 0], [-1, -1, -1, -1, -1, 1]], [[0, -1, -1, -1, -1, -1], [1, -1, -1, -1, -1, -1], [-1, 0, -1, -1, -1, -1], [-1, 1, -1, -1, -1, -1], [-1, -1, 0, -1, -1, -1], [-1, -1, 1, -1, -1, -1], [-1, -1, -1, 0, -1, -1], [-1, -1, -1, 1, -1, -1], [-1, -1, -1, -1, 0, -1], [-1, -1, -1, -1, 1, -1], [-1, -1, -1, -1, -1, 0], [-1, -1, -1, -1, -1, 1]], [[0, -1, -1, -1, -1, -1], [1, -1, -1, -1, -1, -1], [-1, 0, -1, -1, -1, -1], [-1, 1, -1, -1, -1, -1], [-1, -1, 1, -1, -1, -1], [-1, -1, -1, 0, -1, -1], [-1, -1, -1, 1, -1, -1], [-1, -1, -1, -1, 0, -1], [-1, -1, -1, -1, 1, -1], [-1, -1, -1, -1, -1, 0], [-1, -1, -1, -1, -1, 1]], [[1, -1, -1, -1, -1, -1], [-1, 0, -1, -1, -1, -1], [-1, 1, -1, -1, -1, -1], [-1, -1, 1, -1, -1, -1], [-1, -1, -1, 0, -1, -1], [-1, -1, -1, 1, -1, -1], [-1, -1, -1, -1, 0, -1], [-1, -1, -1, -1, 1, -1], [-1, -1, -1, -1, -1, 0], [-1, -1, -1, -1, -1, 1], [0, -1, 0, -1, -1, -1]], [[1, -1, -1, -1, -1, -1], [-1, 0, -1, -1, -1, -1], [-1, 1, -1, -1, -1, -1], [-1, -1, 1, -1, -1, -1], [-1, -1, -1, 0, -1, -1], [-1, -1, -1, 1, -1, -1], [-1, -1, -1, -1, 0, -1], [-1, -1, -1, -1, 1, -1], [-1, -1, -1, -1, -1, 0], [-1, -1, -1, -1, -1, 1], [0, -1, 0, -1, -1, -1]], [[1, -1, -1, -1, -1, -1], [-1, 0, -1, -1, -1, -1], [-1, 1, -1, -1, -1, -1], [-1, -1, 1, -1, -1, -1], [-1, -1, -1, 0, -1, -1], [-1, -1, -1, 1, -1, -1], [-1, -1, -1, -1, 0, -1], [-1, -1, -1, -1, 1, -1], [-1, -1, -1, -1, -1, 0], [-1, -1, -1, -1, -1, 1], [0, -1, 0, -1, -1, -1]], [[1, -1, -1, -1, -1, -1], [-1, 0, -1, -1, -1, -1], [-1, 1, -1, -1, -1, -1], [-1, -1, 1, -1, -1, -1], [-1, -1, -1, 1, -1, -1], [-1, -1, -1, -1, 0, -1], [-1, -1, -1, -1, 1, -1], [-1, -1, -1, -1, -1, 0], [-1, -1, -1, -1, -1, 1], [0, -1, 0, -1, -1, -1], [0, -1, -1, 0, -1, -1], [-1, -1, 0, 0, -1, -1]], [[1, -1, -1, -1, -1, -1], [-1, 0, -1, -1, -1, -1], [-1, 1, -1, -1, -1, -1], [-1, -1, 1, -1, -1, -1], [-1, -1, -1, 1, -1, -1], [-1, -1, -1, -1, 0, -1], [-1, -1, -1, -1, 1, -1], [-1, -1, -1, -1, -1, 0], [-1, -1, -1, -1, -1, 1], [0, -1, 0, -1, -1, -1], [0, -1, -1, 0, -1, -1], [-1, -1, 0, 0, -1, -1]], [[0, -1, -1, -1, -1, -1], [1, -1, -1, -1, -1, -1], [-1, 0, -1, -1, -1, -1], [-1, 1, -1, -1, -1, -1], [-1, -1, 0, -1, -1, -1], [-1, -1, 1, -1, -1, -1], [-1, -1, -1, 0, -1, -1], [-1, -1, -1, 1, -1, -1], [-1, -1, -1, -1, 0, -1], [-1, -1, -1, -1, 1, -1], [-1, -1, -1, -1, -1, 0], [-1, -1, -1, -1, -1, 1]], [[0, -1, -1, -1, -1, -1], [1, -1, -1, -1, -1, -1], [-1, 0, -1, -1, -1, -1], [-1, 1, -1, -1, -1, -1], [-1, -1, 0, -1, -1, -1], [-1, -1, 1, -1, -1, -1], [-1, -1, -1, 0, -1, -1], [-1, -1, -1, 1, -1, -1], [-1, -1, -1, -1, 0, -1], [-1, -1, -1, -1, 1, -1], [-1, -1, -1, -1, -1, 0], [-1, -1, -1, -1, -1, 1]], [[0, -1, -1, -1, -1, -1], [1, -1, -1, -1, -1, -1], [-1, 0, -1, -1, -1, -1], [-1, 1, -1, -1, -1, -1], [-1, -1, 0, -1, -1, -1], [-1, -1, 1, -1, -1, -1], [-1, -1, -1, 0, -1, -1], [-1, -1, -1, 1, -1, -1], [-1, -1, -1, -1, 0, -1], [-1, -1, -1, -1, 1, -1], [-1, -1, -1, -1, -1, 0], [-1, -1, -1, -1, -1, 1]], [[0, -1, -1, -1, -1, -1], [1, -1, -1, -1, -1, -1], [-1, 0, -1, -1, -1, -1], [-1, 1, -1, -1, -1, -1], [-1, -1, 0, -1, -1, -1], [-1, -1, 1, -1, -1, -1], [-1, -1, -1, 0, -1, -1], [-1, -1, -1, 1, -1, -1], [-1, -1, -1, -1, 0, -1], [-1, -1, -1, -1, 1, -1], [-1, -1, -1, -1, -1, 0], [-1, -1, -1, -1, -1, 1]], [[0, -1, -1, -1, -1, -1], [1, -1, -1, -1, -1, -1], [-1, 0, -1, -1, -1, -1], [-1, 1, -1, -1, -1, -1], [-1, -1, 0, -1, -1, -1], [-1, -1, 1, -1, -1, -1], [-1, -1, -1, 0, -1, -1], [-1, -1, -1, 1, -1, -1], [-1, -1, -1, -1, 0, -1], [-1, -1, -1, -1, 1, -1], [-1, -1, -1, -1, -1, 0], [-1, -1, -1, -1, -1, 1]], [[0, -1, -1, -1, -1, -1], [1, -1, -1, -1, -1, -1], [-1, 0, -1, -1, -1, -1], [-1, 1, -1, -1, -1, -1], [-1, -1, 0, -1, -1, -1], [-1, -1, 1, -1, -1, -1], [-1, -1, -1, 0, -1, -1], [-1, -1, -1, 1, -1, -1], [-1, -1, -1, -1, 0, -1], [-1, -1, -1, -1, 1, -1], [-1, -1, -1, -1, -1, 0], [-1, -1, -1, -1, -1, 1]], [[0, -1, -1, -1, -1, -1], [1, -1, -1, -1, -1, -1], [-1, 0, -1, -1, -1, -1], [-1, 1, -1, -1, -1, -1], [-1, -1, 0, -1, -1, -1], [-1, -1, 1, -1, -1, -1], [-1, -1, -1, 0, -1, -1], [-1, -1, -1, 1, -1, -1], [-1, -1, -1, -1, 0, -1], [-1, -1, -1, -1, 1, -1], [-1, -1, -1, -1, -1, 0], [-1, -1, -1, -1, -1, 1]], [[1, -1, -1, -1, -1, -1], [-1, 0, -1, -1, -1, -1], [-1, 1, -1, -1, -1, -1], [-1, -1, 0, -1, -1, -1], [-1, -1, 1, -1, -1, -1], [-1, -1, -1, 0, -1, -1], [-1, -1, -1, 1, -1, -1], [-1, -1, -1, -1, 0, -1], [-1, -1, -1, -1, 1, -1], [-1, -1, -1, -1, -1, 0], [-1, -1, -1, -1, -1, 1]], [[1, -1, -1, -1, -1, -1], [-1, 0, -1, -1, -1, -1], [-1, 1, -1, -1, -1, -1], [-1, -1, 1, -1, -1, -1], [-1, -1, -1, 0, -1, -1], [-1, -1, -1, 1, -1, -1], [-1, -1, -1, -1, 0, -1], [-1, -1, -1, -1, 1, -1], [-1, -1, -1, -1, -1, 0], [-1, -1, -1, -1, -1, 1], [0, -1, 0, -1, -1, -1]], [[1, -1, -1, -1, -1, -1], [-1, 0, -1, -1, -1, -1], [-1, 1, -1, -1, -1, -1], [-1, -1, 1, -1, -1, -1], [-1, -1, -1, 0, -1, -1], [-1, -1, -1, 1, -1, -1], [-1, -1, -1, -1, 0, -1], [-1, -1, -1, -1, 1, -1], [-1, -1, -1, -1, -1, 0], [-1, -1, -1, -1, -1, 1], [0, -1, 0, -1, -1, -1]], [[0, -1, -1, -1, -1, -1], [1, -1, -1, -1, -1, -1], [-1, 0, -1, -1, -1, -1], [-1, 1, -1, -1, -1, -1], [-1, -1, 0, -1, -1, -1], [-1, -1, 1, -1, -1, -1], [-1, -1, -1, 0, -1, -1], [-1, -1, -1, 1, -1, -1], [-1, -1, -1, -1, 0, -1], [-1, -1, -1, -1, 1, -1], [-1, -1, -1, -1, -1, 0], [-1, -1, -1, -1, -1, 1]], [[0, -1, -1, -1, -1, -1], [1, -1, -1, -1, -1, -1], [-1, 0, -1, -1, -1, -1], [-1, 1, -1, -1, -1, -1], [-1, -1, 0, -1, -1, -1], [-1, -1, 1, -1, -1, -1], [-1, -1, -1, 0, -1, -1], [-1, -1, -1, 1, -1, -1], [-1, -1, -1, -1, 0, -1], [-1, -1, -1, -1, 1, -1], [-1, -1, -1, -1, -1, 0], [-1, -1, -1, -1, -1, 1]], [[0, -1, -1, -1, -1, -1], [1, -1, -1, -1, -1, -1], [-1, 0, -1, -1, -1, -1], [-1, 1, -1, -1, -1, -1], [-1, -1, 0, -1, -1, -1], [-1, -1, 1, -1, -1, -1], [-1, -1, -1, 0, -1, -1], [-1, -1, -1, 1, -1, -1], [-1, -1, -1, -1, 0, -1], [-1, -1, -1, -1, 1, -1], [-1, -1, -1, -1, -1, 0], [-1, -1, -1, -1, -1, 1]], [[0, -1, -1, -1, -1, -1], [1, -1, -1, -1, -1, -1], [-1, 0, -1, -1, -1, -1], [-1, 1, -1, -1, -1, -1], [-1, -1, 0, -1, -1, -1], [-1, -1, 1, -1, -1, -1], [-1, -1, -1, 0, -1, -1], [-1, -1, -1, 1, -1, -1], [-1, -1, -1, -1, 0, -1], [-1, -1, -1, -1, 1, -1], [-1, -1, -1, -1, -1, 0], [-1, -1, -1, -1, -1, 1]], [[0, -1, -1, -1, -1, -1], [1, -1, -1, -1, -1, -1], [-1, 0, -1, -1, -1, -1], [-1, 1, -1, -1, -1, -1], [-1, -1, 0, -1, -1, -1], [-1, -1, 1, -1, -1, -1], [-1, -1, -1, 0, -1, -1], [-1, -1, -1, 1, -1, -1], [-1, -1, -1, -1, 0, -1], [-1, -1, -1, -1, 1, -1], [-1, -1, -1, -1, -1, 0], [-1, -1, -1, -1, -1, 1]], [[0, -1, -1, -1, -1, -1], [1, -1, -1, -1, -1, -1], [-1, 0, -1, -1, -1, -1], [-1, 1, -1, -1, -1, -1], [-1, -1, 0, -1, -1, -1], [-1, -1, 1, -1, -1, -1], [-1, -1, -1, 0, -1, -1], [-1, -1, -1, 1, -1, -1], [-1, -1, -1, -1, 0, -1], [-1, -1, -1, -1, 1, -1], [-1, -1, -1, -1, -1, 0], [-1, -1, -1, -1, -1, 1]], [[0, -1, -1, -1, -1, -1], [1, -1, -1, -1, -1, -1], [-1, 0, -1, -1, -1, -1], [-1, 1, -1, -1, -1, -1], [-1, -1, 0, -1, -1, -1], [-1, -1, 1, -1, -1, -1], [-1, -1, -1, 0, -1, -1], [-1, -1, -1, 1, -1, -1], [-1, -1, -1, -1, 0, -1], [-1, -1, -1, -1, 1, -1], [-1, -1, -1, -1, -1, 0], [-1, -1, -1, -1, -1, 1]], [[0, -1, -1, -1, -1, -1], [1, -1, -1, -1, -1, -1], [-1, 0, -1, -1, -1, -1], [-1, 1, -1, -1, -1, -1], [-1, -1, 0, -1, -1, -1], [-1, -1, 1, -1, -1, -1], [-1, -1, -1, 0, -1, -1], [-1, -1, -1, 1, -1, -1], [-1, -1, -1, -1, 0, -1], [-1, -1, -1, -1, 1, -1], [-1, -1, -1, -1, -1, 0], [-1, -1, -1, -1, -1, 1]], [[0, -1, -1, -1, -1, -1], [1, -1, -1, -1, -1, -1], [-1, 0, -1, -1, -1, -1], [-1, 1, -1, -1, -1, -1], [-1, -1, 0, -1, -1, -1], [-1, -1, 1, -1, -1, -1], [-1, -1, -1, 0, -1, -1], [-1, -1, -1, 1, -1, -1], [-1, -1, -1, -1, 0, -1], [-1, -1, -1, -1, 1, -1], [-1, -1, -1, -1, -1, 0], [-1, -1, -1, -1, -1, 1]], [[1, -1, -1, -1, -1, -1], [-1, 0, -1, -1, -1, -1], [-1, 1, -1, -1, -1, -1], [-1, -1, 1, -1, -1, -1], [-1, -1, -1, 0, -1, -1], [-1, -1, -1, 1, -1, -1], [-1, -1, -1, -1, 0, -1], [-1, -1, -1, -1, 1, -1], [-1, -1, -1, -1, -1, 0], [-1, -1, -1, -1, -1, 1], [0, -1, 0, -1, -1, -1]]]
