execution time
400 0.08837413787841797 0.11129283905029297
500 0.0754709243774414 0.08460497856140137


number of patterns
400 1151 1788
500 760 812


patterns in result
data size = 0
[[[0, -1, -1, -1, -1, -1], [1, -1, -1, -1, -1, -1], [-1, 0, -1, -1, -1, -1], [-1, 1, -1, -1, -1, -1], [-1, -1, 0, -1, -1, -1], [-1, -1, 1, -1, -1, -1], [-1, -1, -1, 0, -1, -1], [-1, -1, -1, 1, -1, -1], [-1, -1, -1, -1, 0, -1], [-1, -1, -1, -1, 1, -1], [-1, -1, -1, -1, -1, 0], [-1, -1, -1, -1, -1, 1]], [[0, -1, -1, -1, -1, -1], [1, -1, -1, -1, -1, -1], [-1, 0, -1, -1, -1, -1], [-1, 1, -1, -1, -1, -1], [-1, -1, 0, -1, -1, -1], [-1, -1, 1, -1, -1, -1], [-1, -1, -1, 0, -1, -1], [-1, -1, -1, 1, -1, -1], [-1, -1, -1, -1, 0, -1], [-1, -1, -1, -1, 1, -1], [-1, -1, -1, -1, -1, 0], [-1, -1, -1, -1, -1, 1]], [[0, -1, -1, -1, -1, -1], [1, -1, -1, -1, -1, -1], [-1, 0, -1, -1, -1, -1], [-1, 1, -1, -1, -1, -1], [-1, -1, 0, -1, -1, -1], [-1, -1, 1, -1, -1, -1], [-1, -1, -1, 0, -1, -1], [-1, -1, -1, 1, -1, -1], [-1, -1, -1, -1, 0, -1], [-1, -1, -1, -1, 1, -1], [-1, -1, -1, -1, -1, 0], [-1, -1, -1, -1, -1, 1]], [[0, -1, -1, -1, -1, -1], [1, -1, -1, -1, -1, -1], [-1, 0, -1, -1, -1, -1], [-1, 1, -1, -1, -1, -1], [-1, -1, 1, -1, -1, -1], [-1, -1, -1, 0, -1, -1], [-1, -1, -1, 1, -1, -1], [-1, -1, -1, -1, 0, -1], [-1, -1, -1, -1, 1, -1], [-1, -1, -1, -1, -1, 0], [-1, -1, -1, -1, -1, 1]], [[1, -1, -1, -1, -1, -1], [-1, 0, -1, -1, -1, -1], [-1, 1, -1, -1, -1, -1], [-1, -1, 1, -1, -1, -1], [-1, -1, -1, 1, -1, -1], [-1, -1, -1, -1, 0, -1], [-1, -1, -1, -1, 1, -1], [-1, -1, -1, -1, -1, 0], [-1, -1, -1, -1, -1, 1], [0, -1, 0, -1, -1, -1], [0, -1, -1, 0, -1, -1], [-1, -1, 0, 0, -1, -1]], [[1, -1, -1, -1, -1, -1], [-1, 0, -1, -1, -1, -1], [-1, 1, -1, -1, -1, -1], [-1, -1, 1, -1, -1, -1], [-1, -1, -1, 1, -1, -1], [-1, -1, -1, -1, 0, -1], [-1, -1, -1, -1, 1, -1], [-1, -1, -1, -1, -1, 0], [-1, -1, -1, -1, -1, 1], [0, -1, 0, -1, -1, -1], [0, -1, -1, 0, -1, -1], [-1, -1, 0, 0, -1, -1]], [[1, -1, -1, -1, -1, -1], [-1, 0, -1, -1, -1, -1], [-1, 1, -1, -1, -1, -1], [-1, -1, 1, -1, -1, -1], [-1, -1, -1, 1, -1, -1], [-1, -1, -1, -1, 0, -1], [-1, -1, -1, -1, 1, -1], [-1, -1, -1, -1, -1, 0], [-1, -1, -1, -1, -1, 1], [0, -1, 0, -1, -1, -1], [0, -1, -1, 0, -1, -1], [-1, -1, 0, 0, -1, -1]], [[1, -1, -1, -1, -1, -1], [-1, 1, -1, -1, -1, -1], [-1, -1, 1, -1, -1, -1], [-1, -1, -1, 1, -1, -1], [-1, -1, -1, -1, 0, -1], [-1, -1, -1, -1, 1, -1], [-1, -1, -1, -1, -1, 0], [-1, -1, -1, -1, -1, 1], [0, 0, -1, -1, -1, -1], [0, -1, 0, -1, -1, -1], [0, -1, -1, 0, -1, -1], [-1, 0, 0, -1, -1, -1], [-1, 0, -1, 0, -1, -1], [-1, -1, 0, 0, -1, -1]], [[1, -1, -1, -1, -1, -1], [-1, 1, -1, -1, -1, -1], [-1, -1, 1, -1, -1, -1], [-1, -1, -1, 1, -1, -1], [-1, -1, -1, -1, 0, -1], [-1, -1, -1, -1, 1, -1], [-1, -1, -1, -1, -1, 1], [0, 0, -1, -1, -1, -1], [0, -1, -1, -1, -1, 0], [-1, 0, 0, -1, -1, -1], [-1, 0, -1, 0, -1, -1], [-1, 0, -1, -1, -1, 0], [-1, -1, 0, -1, -1, 0], [-1, -1, -1, 0, -1, 0], [0, -1, 0, 0, -1, -1]], [[1, -1, -1, -1, -1, -1], [-1, 1, -1, -1, -1, -1], [-1, -1, 1, -1, -1, -1], [-1, -1, -1, 1, -1, -1], [-1, -1, -1, -1, 0, -1], [-1, -1, -1, -1, -1, 1], [0, 0, -1, -1, -1, -1], [0, -1, -1, -1, 1, -1], [0, -1, -1, -1, -1, 0], [-1, 0, 0, -1, -1, -1], [-1, 0, -1, 0, -1, -1], [-1, 0, -1, -1, 1, -1], [-1, 0, -1, -1, -1, 0], [-1, -1, 0, -1, 1, -1], [-1, -1, 0, -1, -1, 0], [-1, -1, -1, 0, 1, -1], [-1, -1, -1, 0, -1, 0], [-1, -1, -1, -1, 1, 0], [0, -1, 0, 0, -1, -1]], [[0, -1, -1, -1, -1, -1], [1, -1, -1, -1, -1, -1], [-1, 0, -1, -1, -1, -1], [-1, 1, -1, -1, -1, -1], [-1, -1, 0, -1, -1, -1], [-1, -1, 1, -1, -1, -1], [-1, -1, -1, 0, -1, -1], [-1, -1, -1, 1, -1, -1], [-1, -1, -1, -1, 0, -1], [-1, -1, -1, -1, 1, -1], [-1, -1, -1, -1, -1, 0], [-1, -1, -1, -1, -1, 1]], [[0, -1, -1, -1, -1, -1], [1, -1, -1, -1, -1, -1], [-1, 0, -1, -1, -1, -1], [-1, 1, -1, -1, -1, -1], [-1, -1, 0, -1, -1, -1], [-1, -1, 1, -1, -1, -1], [-1, -1, -1, 0, -1, -1], [-1, -1, -1, 1, -1, -1], [-1, -1, -1, -1, 0, -1], [-1, -1, -1, -1, 1, -1], [-1, -1, -1, -1, -1, 0], [-1, -1, -1, -1, -1, 1]], [[0, -1, -1, -1, -1, -1], [1, -1, -1, -1, -1, -1], [-1, 0, -1, -1, -1, -1], [-1, 1, -1, -1, -1, -1], [-1, -1, 0, -1, -1, -1], [-1, -1, 1, -1, -1, -1], [-1, -1, -1, 0, -1, -1], [-1, -1, -1, 1, -1, -1], [-1, -1, -1, -1, 0, -1], [-1, -1, -1, -1, 1, -1], [-1, -1, -1, -1, -1, 0], [-1, -1, -1, -1, -1, 1]], [[0, -1, -1, -1, -1, -1], [1, -1, -1, -1, -1, -1], [-1, 0, -1, -1, -1, -1], [-1, 1, -1, -1, -1, -1], [-1, -1, 0, -1, -1, -1], [-1, -1, 1, -1, -1, -1], [-1, -1, -1, 0, -1, -1], [-1, -1, -1, 1, -1, -1], [-1, -1, -1, -1, 0, -1], [-1, -1, -1, -1, 1, -1], [-1, -1, -1, -1, -1, 0], [-1, -1, -1, -1, -1, 1]], [[0, -1, -1, -1, -1, -1], [1, -1, -1, -1, -1, -1], [-1, 0, -1, -1, -1, -1], [-1, 1, -1, -1, -1, -1], [-1, -1, 1, -1, -1, -1], [-1, -1, -1, 0, -1, -1], [-1, -1, -1, 1, -1, -1], [-1, -1, -1, -1, 0, -1], [-1, -1, -1, -1, 1, -1], [-1, -1, -1, -1, -1, 0], [-1, -1, -1, -1, -1, 1]], [[1, -1, -1, -1, -1, -1], [-1, 0, -1, -1, -1, -1], [-1, 1, -1, -1, -1, -1], [-1, -1, 1, -1, -1, -1], [-1, -1, -1, 0, -1, -1], [-1, -1, -1, 1, -1, -1], [-1, -1, -1, -1, 0, -1], [-1, -1, -1, -1, 1, -1], [-1, -1, -1, -1, -1, 0], [-1, -1, -1, -1, -1, 1], [0, -1, 0, -1, -1, -1]], [[1, -1, -1, -1, -1, -1], [-1, 0, -1, -1, -1, -1], [-1, 1, -1, -1, -1, -1], [-1, -1, 1, -1, -1, -1], [-1, -1, -1, 0, -1, -1], [-1, -1, -1, 1, -1, -1], [-1, -1, -1, -1, 0, -1], [-1, -1, -1, -1, 1, -1], [-1, -1, -1, -1, -1, 0], [-1, -1, -1, -1, -1, 1], [0, -1, 0, -1, -1, -1]], [[1, -1, -1, -1, -1, -1], [-1, 0, -1, -1, -1, -1], [-1, 1, -1, -1, -1, -1], [-1, -1, 1, -1, -1, -1], [-1, -1, -1, 0, -1, -1], [-1, -1, -1, 1, -1, -1], [-1, -1, -1, -1, 0, -1], [-1, -1, -1, -1, 1, -1], [-1, -1, -1, -1, -1, 0], [-1, -1, -1, -1, -1, 1], [0, -1, 0, -1, -1, -1]], [[1, -1, -1, -1, -1, -1], [-1, 0, -1, -1, -1, -1], [-1, 1, -1, -1, -1, -1], [-1, -1, 1, -1, -1, -1], [-1, -1, -1, 1, -1, -1], [-1, -1, -1, -1, 0, -1], [-1, -1, -1, -1, 1, -1], [-1, -1, -1, -1, -1, 0], [-1, -1, -1, -1, -1, 1], [0, -1, 0, -1, -1, -1], [0, -1, -1, 0, -1, -1], [-1, -1, 0, 0, -1, -1]], [[1, -1, -1, -1, -1, -1], [-1, 0, -1, -1, -1, -1], [-1, 1, -1, -1, -1, -1], [-1, -1, 1, -1, -1, -1], [-1, -1, -1, 1, -1, -1], [-1, -1, -1, -1, 0, -1], [-1, -1, -1, -1, 1, -1], [-1, -1, -1, -1, -1, 0], [-1, -1, -1, -1, -1, 1], [0, -1, 0, -1, -1, -1], [0, -1, -1, 0, -1, -1], [-1, -1, 0, 0, -1, -1]], [[0, -1, -1, -1, -1, -1], [1, -1, -1, -1, -1, -1], [-1, 0, -1, -1, -1, -1], [-1, 1, -1, -1, -1, -1], [-1, -1, 0, -1, -1, -1], [-1, -1, 1, -1, -1, -1], [-1, -1, -1, 0, -1, -1], [-1, -1, -1, 1, -1, -1], [-1, -1, -1, -1, 0, -1], [-1, -1, -1, -1, 1, -1], [-1, -1, -1, -1, -1, 0], [-1, -1, -1, -1, -1, 1]], [[0, -1, -1, -1, -1, -1], [1, -1, -1, -1, -1, -1], [-1, 0, -1, -1, -1, -1], [-1, 1, -1, -1, -1, -1], [-1, -1, 0, -1, -1, -1], [-1, -1, 1, -1, -1, -1], [-1, -1, -1, 0, -1, -1], [-1, -1, -1, 1, -1, -1], [-1, -1, -1, -1, 0, -1], [-1, -1, -1, -1, 1, -1], [-1, -1, -1, -1, -1, 0], [-1, -1, -1, -1, -1, 1]], [[0, -1, -1, -1, -1, -1], [1, -1, -1, -1, -1, -1], [-1, 0, -1, -1, -1, -1], [-1, 1, -1, -1, -1, -1], [-1, -1, 0, -1, -1, -1], [-1, -1, 1, -1, -1, -1], [-1, -1, -1, 0, -1, -1], [-1, -1, -1, 1, -1, -1], [-1, -1, -1, -1, 0, -1], [-1, -1, -1, -1, 1, -1], [-1, -1, -1, -1, -1, 0], [-1, -1, -1, -1, -1, 1]], [[0, -1, -1, -1, -1, -1], [1, -1, -1, -1, -1, -1], [-1, 0, -1, -1, -1, -1], [-1, 1, -1, -1, -1, -1], [-1, -1, 0, -1, -1, -1], [-1, -1, 1, -1, -1, -1], [-1, -1, -1, 0, -1, -1], [-1, -1, -1, 1, -1, -1], [-1, -1, -1, -1, 0, -1], [-1, -1, -1, -1, 1, -1], [-1, -1, -1, -1, -1, 0], [-1, -1, -1, -1, -1, 1]], [[0, -1, -1, -1, -1, -1], [1, -1, -1, -1, -1, -1], [-1, 0, -1, -1, -1, -1], [-1, 1, -1, -1, -1, -1], [-1, -1, 0, -1, -1, -1], [-1, -1, 1, -1, -1, -1], [-1, -1, -1, 0, -1, -1], [-1, -1, -1, 1, -1, -1], [-1, -1, -1, -1, 0, -1], [-1, -1, -1, -1, 1, -1], [-1, -1, -1, -1, -1, 0], [-1, -1, -1, -1, -1, 1]], [[0, -1, -1, -1, -1, -1], [1, -1, -1, -1, -1, -1], [-1, 0, -1, -1, -1, -1], [-1, 1, -1, -1, -1, -1], [-1, -1, 0, -1, -1, -1], [-1, -1, 1, -1, -1, -1], [-1, -1, -1, 0, -1, -1], [-1, -1, -1, 1, -1, -1], [-1, -1, -1, -1, 0, -1], [-1, -1, -1, -1, 1, -1], [-1, -1, -1, -1, -1, 0], [-1, -1, -1, -1, -1, 1]], [[0, -1, -1, -1, -1, -1], [1, -1, -1, -1, -1, -1], [-1, 0, -1, -1, -1, -1], [-1, 1, -1, -1, -1, -1], [-1, -1, 0, -1, -1, -1], [-1, -1, 1, -1, -1, -1], [-1, -1, -1, 0, -1, -1], [-1, -1, -1, 1, -1, -1], [-1, -1, -1, -1, 0, -1], [-1, -1, -1, -1, 1, -1], [-1, -1, -1, -1, -1, 0], [-1, -1, -1, -1, -1, 1]], [[1, -1, -1, -1, -1, -1], [-1, 0, -1, -1, -1, -1], [-1, 1, -1, -1, -1, -1], [-1, -1, 0, -1, -1, -1], [-1, -1, 1, -1, -1, -1], [-1, -1, -1, 0, -1, -1], [-1, -1, -1, 1, -1, -1], [-1, -1, -1, -1, 0, -1], [-1, -1, -1, -1, 1, -1], [-1, -1, -1, -1, -1, 0], [-1, -1, -1, -1, -1, 1]], [[1, -1, -1, -1, -1, -1], [-1, 0, -1, -1, -1, -1], [-1, 1, -1, -1, -1, -1], [-1, -1, 1, -1, -1, -1], [-1, -1, -1, 0, -1, -1], [-1, -1, -1, 1, -1, -1], [-1, -1, -1, -1, 0, -1], [-1, -1, -1, -1, 1, -1], [-1, -1, -1, -1, -1, 0], [-1, -1, -1, -1, -1, 1], [0, -1, 0, -1, -1, -1]], [[1, -1, -1, -1, -1, -1], [-1, 0, -1, -1, -1, -1], [-1, 1, -1, -1, -1, -1], [-1, -1, 1, -1, -1, -1], [-1, -1, -1, 0, -1, -1], [-1, -1, -1, 1, -1, -1], [-1, -1, -1, -1, 0, -1], [-1, -1, -1, -1, 1, -1], [-1, -1, -1, -1, -1, 0], [-1, -1, -1, -1, -1, 1], [0, -1, 0, -1, -1, -1]], [[0, -1, -1, -1, -1, -1], [1, -1, -1, -1, -1, -1], [-1, 0, -1, -1, -1, -1], [-1, 1, -1, -1, -1, -1], [-1, -1, 0, -1, -1, -1], [-1, -1, 1, -1, -1, -1], [-1, -1, -1, 0, -1, -1], [-1, -1, -1, 1, -1, -1], [-1, -1, -1, -1, 0, -1], [-1, -1, -1, -1, 1, -1], [-1, -1, -1, -1, -1, 0], [-1, -1, -1, -1, -1, 1]], [[0, -1, -1, -1, -1, -1], [1, -1, -1, -1, -1, -1], [-1, 0, -1, -1, -1, -1], [-1, 1, -1, -1, -1, -1], [-1, -1, 0, -1, -1, -1], [-1, -1, 1, -1, -1, -1], [-1, -1, -1, 0, -1, -1], [-1, -1, -1, 1, -1, -1], [-1, -1, -1, -1, 0, -1], [-1, -1, -1, -1, 1, -1], [-1, -1, -1, -1, -1, 0], [-1, -1, -1, -1, -1, 1]], [[0, -1, -1, -1, -1, -1], [1, -1, -1, -1, -1, -1], [-1, 0, -1, -1, -1, -1], [-1, 1, -1, -1, -1, -1], [-1, -1, 0, -1, -1, -1], [-1, -1, 1, -1, -1, -1], [-1, -1, -1, 0, -1, -1], [-1, -1, -1, 1, -1, -1], [-1, -1, -1, -1, 0, -1], [-1, -1, -1, -1, 1, -1], [-1, -1, -1, -1, -1, 0], [-1, -1, -1, -1, -1, 1]], [[0, -1, -1, -1, -1, -1], [1, -1, -1, -1, -1, -1], [-1, 0, -1, -1, -1, -1], [-1, 1, -1, -1, -1, -1], [-1, -1, 0, -1, -1, -1], [-1, -1, 1, -1, -1, -1], [-1, -1, -1, 0, -1, -1], [-1, -1, -1, 1, -1, -1], [-1, -1, -1, -1, 0, -1], [-1, -1, -1, -1, 1, -1], [-1, -1, -1, -1, -1, 0], [-1, -1, -1, -1, -1, 1]], [[0, -1, -1, -1, -1, -1], [1, -1, -1, -1, -1, -1], [-1, 0, -1, -1, -1, -1], [-1, 1, -1, -1, -1, -1], [-1, -1, 0, -1, -1, -1], [-1, -1, 1, -1, -1, -1], [-1, -1, -1, 0, -1, -1], [-1, -1, -1, 1, -1, -1], [-1, -1, -1, -1, 0, -1], [-1, -1, -1, -1, 1, -1], [-1, -1, -1, -1, -1, 0], [-1, -1, -1, -1, -1, 1]], [[0, -1, -1, -1, -1, -1], [1, -1, -1, -1, -1, -1], [-1, 0, -1, -1, -1, -1], [-1, 1, -1, -1, -1, -1], [-1, -1, 0, -1, -1, -1], [-1, -1, 1, -1, -1, -1], [-1, -1, -1, 0, -1, -1], [-1, -1, -1, 1, -1, -1], [-1, -1, -1, -1, 0, -1], [-1, -1, -1, -1, 1, -1], [-1, -1, -1, -1, -1, 0], [-1, -1, -1, -1, -1, 1]], [[0, -1, -1, -1, -1, -1], [1, -1, -1, -1, -1, -1], [-1, 0, -1, -1, -1, -1], [-1, 1, -1, -1, -1, -1], [-1, -1, 0, -1, -1, -1], [-1, -1, 1, -1, -1, -1], [-1, -1, -1, 0, -1, -1], [-1, -1, -1, 1, -1, -1], [-1, -1, -1, -1, 0, -1], [-1, -1, -1, -1, 1, -1], [-1, -1, -1, -1, -1, 0], [-1, -1, -1, -1, -1, 1]], [[0, -1, -1, -1, -1, -1], [1, -1, -1, -1, -1, -1], [-1, 0, -1, -1, -1, -1], [-1, 1, -1, -1, -1, -1], [-1, -1, 0, -1, -1, -1], [-1, -1, 1, -1, -1, -1], [-1, -1, -1, 0, -1, -1], [-1, -1, -1, 1, -1, -1], [-1, -1, -1, -1, 0, -1], [-1, -1, -1, -1, 1, -1], [-1, -1, -1, -1, -1, 0], [-1, -1, -1, -1, -1, 1]], [[0, -1, -1, -1, -1, -1], [1, -1, -1, -1, -1, -1], [-1, 0, -1, -1, -1, -1], [-1, 1, -1, -1, -1, -1], [-1, -1, 0, -1, -1, -1], [-1, -1, 1, -1, -1, -1], [-1, -1, -1, 0, -1, -1], [-1, -1, -1, 1, -1, -1], [-1, -1, -1, -1, 0, -1], [-1, -1, -1, -1, 1, -1], [-1, -1, -1, -1, -1, 0], [-1, -1, -1, -1, -1, 1]], [[1, -1, -1, -1, -1, -1], [-1, 0, -1, -1, -1, -1], [-1, 1, -1, -1, -1, -1], [-1, -1, 1, -1, -1, -1], [-1, -1, -1, 0, -1, -1], [-1, -1, -1, 1, -1, -1], [-1, -1, -1, -1, 0, -1], [-1, -1, -1, -1, 1, -1], [-1, -1, -1, -1, -1, 0], [-1, -1, -1, -1, -1, 1], [0, -1, 0, -1, -1, -1]]]
