execution time
8000 0.851492166519165 19.930269956588745
10000 2.0474040508270264 47.563563108444214
12000 4.01639986038208 78.51314616203308
14000 7.098106145858765 104.65188479423523
16000 9.813046932220459 131.39047408103943
18000 14.29403281211853 152.04648613929749
20000 18.7706561088562 172.69401001930237


number of patterns visited
8000 15879.0 356399.0
10000 18616.0 356399.0
12000 23799.0 356399.0
14000 30089.0 356399.0
16000 35424.0 356399.0
18000 40779.0 356399.0
20000 46014.0 356399.0
