overall accuracy: 0.8234996841440303
execution time
3 0.06968879699707031 0.2669689655303955
4 0.2316291332244873 0.21976327896118164
5 0.19912195205688477 0.2165052890777588
6 0.43994712829589844 0.7863941192626953
7 0.5061750411987305 2.9787487983703613
8 1.2034931182861328 23.591847896575928
9 2.087207078933716 106.22959113121033
10 7.0504701137542725
11 16.984421253204346
12 32.43093013763428
13 59.24884390830994
14 122.27367186546326
15 213.8804371356964
16 383.1153609752655


number of patterns checked
3 71.0 71.0
4 239.0 359.0
5 555.0 1079.0
6 4605.0 11879.0
7 9495.0 71279.0
8 17467.0 356399.0
9 34503.0 1781999.0
10 94675.0
11 213010.0
12 336458.0
13 569366.0
14 1023982.0
15 1926478.0
16 3718718.0


number of patterns found
0 0 
 []
1 0 
 []
2 0 
 []
3 0 
 []
4 0 
 []
5 0 
 []
6 0 
 []
7 1 
 [[1, -2, -2, 1, 2, -2, -2, -2, -2, 3]]
8 2 
 [[-2, -2, 1, 1, 2, -2, -1, 2, -2, 3, 3], [1, -2, -2, 1, 2, -2, -2, -2, -2, 3, -2]]
9 6 
 [[-2, -2, 1, 1, 2, -2, -1, 2, -2, 3, 3, -2], [-2, 1, -1, -2, 1, -2, -2, -2, -2, -2, -2, 1], [2, -2, -1, -2, -2, -2, -2, -2, -2, -2, 3, 1], [2, -2, -1, -2, -2, -2, -2, 2, -2, -2, -2, 1], [2, -2, -1, -2, 1, -2, -2, -2, -2, -2, -2, 1], [1, -2, -2, 1, 2, -2, -2, -2, -2, 3, -2, -2]]
10 6 
 [[-2, -2, 1, 1, 2, -2, -1, 2, -2, 3, 3, -2, -2], [-2, 1, -1, -2, 1, -2, -2, -2, -2, -2, -2, 1, -2], [2, -2, -1, -2, -2, -2, -2, -2, -2, -2, 3, 1, -2], [2, -2, -1, -2, -2, -2, -2, 2, -2, -2, -2, 1, -2], [2, -2, -1, -2, 1, -2, -2, -2, -2, -2, -2, 1, -2], [1, -2, -2, 1, 2, -2, -2, -2, -2, 3, -2, -2, -2]]
11 8 
 [[-2, -2, 1, 1, 2, -2, -2, 2, -2, 3, 3, -2, -2, 2], [-2, -2, 1, 1, 2, -2, -1, 2, -2, 3, 3, -2, -2, -2], [-2, 1, -1, -2, 1, -2, -2, -2, -2, -2, -2, 1, -2, -2], [-2, 0, -2, -2, -2, 5, -1, -2, -2, 3, 2, -2, -2, 2], [2, -2, -1, -2, -2, -2, -2, -2, -2, -2, 3, 1, -2, -2], [2, -2, -1, -2, -2, -2, -2, 2, -2, -2, -2, 1, -2, -2], [2, -2, -1, -2, 1, -2, -2, -2, -2, -2, -2, 1, -2, -2], [1, -2, -2, 1, 2, -2, -2, -2, -2, 3, -2, -2, -2, -2]]
12 8 
 [[-2, -2, 1, 1, 2, -2, -2, 2, -2, 3, 3, -2, -2, 2, -2], [-2, -2, 1, 1, 2, -2, -1, 2, -2, 3, 3, -2, -2, -2, -2], [-2, 1, -1, -2, 1, -2, -2, -2, -2, -2, -2, 1, -2, -2, -2], [-2, 0, -2, -2, -2, 5, -1, -2, -2, 3, 2, -2, -2, 2, -2], [2, -2, -1, -2, -2, -2, -2, -2, -2, -2, 3, 1, -2, -2, -2], [2, -2, -1, -2, -2, -2, -2, 2, -2, -2, -2, 1, -2, -2, -2], [2, -2, -1, -2, 1, -2, -2, -2, -2, -2, -2, 1, -2, -2, -2], [1, -2, -2, 1, 2, -2, -2, -2, -2, 3, -2, -2, -2, -2, -2]]
13 11 
 [[-2, -2, 1, 1, 2, -2, -2, 2, -2, 3, 3, -2, -2, 2, -2, -2], [-2, -2, 1, 1, 2, -2, -1, 2, -2, 3, 3, -2, -2, -2, -2, -2], [-2, 1, -1, -2, 1, -2, -2, -2, -2, -2, -2, 1, -2, -2, -2, -2], [-2, 0, -2, -2, -2, 5, -1, -2, -2, 3, 2, -2, -2, -2, -2, 2], [-2, 0, -2, -2, -2, 5, -1, -2, -2, 3, 2, -2, -2, 2, -2, -2], [2, -2, -1, -2, -2, -2, -2, -2, -2, -2, 3, 1, -2, -2, -2, -2], [2, -2, -1, -2, -2, -2, -2, 2, -2, -2, -2, 1, -2, -2, -2, -2], [2, -2, -1, -2, 1, -2, -2, -2, -2, -2, -2, 1, -2, -2, -2, -2], [2, 0, -1, -2, -2, -2, -2, -2, -2, -2, -2, 1, -2, 2, 2, 2], [2, 0, -1, -2, -2, -2, -2, -2, -2, -2, -2, 1, 2, 2, -2, 2], [1, -2, -2, 1, 2, -2, -2, -2, -2, 3, -2, -2, -2, -2, -2, -2]]
