overall accuracy: 0.8234996841440303
execution time
0.05 2.0136590003967285
0.1 1.992609977722168
0.15 1.7253222465515137
0.2 1.6189148426055908
0.25 1.4649651050567627
0.3 1.3691761493682861


number of calculations
0.05 39826.0
0.1 41693.0
0.15 37075.0
0.2 34503.0
0.25 31001.0
0.3 29160.0


number of patterns found
0.05 79 
 [[-2, -2, -2, -2, -2, 1, -2, 4, 1], [-2, -2, -2, 4, -2, -2, -2, -2, 1], [-2, -2, -2, 4, 1, -2, -2, 4, -2], [-2, -2, -2, 4, 1, 1, -2, -2, -2], [-2, -2, -2, 3, -2, -2, -2, 4, 1], [-2, -2, -2, 3, -2, -2, 3, -2, -2], [-2, -2, -2, 3, 1, 3, -2, 2, -2], [-2, -2, -2, 2, 1, 1, -2, 4, -2], [-2, -2, -2, 1, -2, -2, 1, -2, -2], [-2, -2, -2, 1, -2, 3, -2, -2, -2], [-2, -2, -2, 1, -2, 2, -2, -2, -2], [-2, -2, -2, 1, 2, -2, -2, -2, -2], [-2, -2, 2, -2, -2, -2, -2, 4, -2], [-2, -2, 1, -2, -2, 5, 3, -2, -2], [-2, -2, 1, -2, 2, -2, 3, -2, -2], [-2, -2, 1, 4, -2, -2, 1, -2, -2], [-2, -2, 1, 1, -2, -2, -2, 4, 2], [-2, -2, 1, 1, -2, 5, -2, -2, -2], [-2, -2, -1, -2, -2, -2, -2, 4, -2], [-2, -2, -1, -2, -2, 3, -2, -2, -2], [-2, -2, -1, -2, -2, 1, -2, -2, -2], [-2, -2, -1, -2, 2, -2, -1, 2, 2], [-2, -2, -1, 4, -2, -2, -1, -2, 2], [-2, -2, -1, 4, -2, -2, -1, 2, -2], [-2, -2, -1, 4, 1, -2, -2, -2, 2], [-2, -2, -1, 3, 1, 5, -1, 2, -2], [-2, 1, -2, -2, -2, -2, 3, -2, -2], [-2, 1, -2, 4, -2, 1, -2, -2, -2], [-2, 1, -2, 4, 2, 5, -2, -2, -2], [-2, 1, -2, 4, 1, -2, -2, -2, 2], [-2, 1, -2, 3, -2, -2, -2, -2, 1], [-2, 1, -2, 1, -2, -2, -2, 2, -2], [-2, 1, -2, 1, -2, 5, -2, -2, -2], [-2, 1, 2, -2, 1, -2, -2, -2, -2], [-2, 1, 1, -2, 2, 3, -2, 2, 2], [-2, 1, 1, 2, 2, 5, -2, 2, -2], [-2, 1, -1, -2, 2, -2, -2, 2, 2], [-2, 1, -1, -2, 1, 5, -2, -2, -2], [-2, 1, -1, 4, -2, -2, -2, -2, 2], [-2, 1, -1, 4, 2, -2, -2, -2, -2], [-2, 0, -2, -2, -2, -2, -2, 2, 1], [-2, 0, -2, -2, 1, 3, -2, 2, -2], [-2, 0, -2, 3, 2, 2, -2, 4, 2], [-2, 0, -2, 3, 1, 3, -2, -2, -2], [-2, 0, -2, 1, -2, -2, -2, 4, -2], [-2, 0, 2, 3, 2, -2, -2, -2, -2], [-2, 0, 1, 1, -2, -2, -2, -2, -2], [-2, 0, 0, -2, -2, -2, -1, -2, 2], [2, -2, -2, 3, -2, -2, -2, -2, 1], [2, -2, -2, 3, -2, 3, -2, 2, -2], [2, -2, -2, 2, 1, 1, -2, -2, 2], [2, -2, 1, 3, 1, 1, -2, 2, -2], [2, -2, 1, 1, -2, -2, -2, -2, 2], [2, -2, -1, -2, -2, -2, -2, -2, -2], [2, 1, -2, -2, 1, 1, -2, 2, 2], [2, 1, -2, 4, 1, -2, -2, -2, -2], [2, 0, -2, -2, -2, 1, -2, -2, 1], [2, 0, -2, 3, 2, 2, -2, -2, 2], [2, 0, -2, 1, -2, -2, -2, -2, -2], [1, -2, -2, 4, 1, -2, -2, -2, -2], [1, -2, -2, 2, 2, 1, -2, -2, -2], [1, -2, 1, 2, 2, -2, -2, -2, -2], [1, -2, -1, 4, -2, -2, -2, -2, -2], [1, 1, -2, -2, 2, 5, -2, -2, -2], [1, 1, -2, 2, 2, -2, -2, -2, -2], [1, 1, 1, -2, 1, 1, -2, -2, -2], [1, 1, 1, 2, -2, 1, -2, -2, 2], [1, 1, 1, 1, -2, -2, -2, -2, -2], [1, 0, 1, 3, 1, 5, -2, -2, 2], [0, -2, -2, 3, 2, 1, -2, -2, -2], [0, -2, -2, 2, 1, 5, -1, -2, 2], [0, -2, 1, 4, 2, 5, -2, -2, -2], [0, -2, -1, 3, -2, -2, -1, 2, -2], [0, -2, -1, 3, -2, 5, -1, -2, -2], [0, 1, -2, -2, 1, 5, -1, -2, -2], [0, 1, -2, 4, 2, -2, -2, -2, -2], [0, 1, -2, 1, -2, -2, -2, -2, 2], [0, 1, 1, -2, 2, 5, -2, -2, -2], [0, 0, -2, 3, -2, 1, -2, -2, -2]]
0.1 31 
 [[-2, -2, -2, 3, 1, -2, 3, -2, -2], [-2, -2, -2, 1, -2, 3, -2, 2, -2], [-2, -2, -2, 1, -2, 2, -2, -2, -2], [-2, -2, 1, -2, 2, 5, 3, -2, -2], [-2, -2, -1, -2, -2, 3, -2, 2, -2], [-2, -2, -1, -2, -2, 1, -2, 4, -2], [-2, -2, -1, -2, 1, -2, -2, 4, -2], [-2, -2, -1, 4, -2, 1, -2, -2, -2], [-2, -2, -1, 4, 2, -2, -1, 2, 2], [-2, 1, -2, 4, 1, 1, -2, -2, 2], [-2, 1, -2, 1, 2, -2, -2, 2, -2], [-2, 1, -1, -2, -2, -2, -2, 4, -2], [-2, 1, -1, -2, 2, 1, -2, 2, 2], [-2, 0, -2, -2, 1, 3, -2, 2, -2], [-2, 0, -2, 1, -2, -2, -2, 4, 2], [-2, 0, 1, 3, -2, 5, 3, -2, -2], [-2, 0, 1, 1, -2, -2, -2, 4, -2], [-2, 0, -1, 4, -2, -2, -1, 2, 2], [2, -2, -2, 3, -2, 1, -2, -2, 1], [2, -2, -1, -2, 2, -2, -2, 2, -2], [2, -2, -1, -2, 1, 1, -2, -2, -2], [2, 1, -1, -2, 1, -2, -2, -2, -2], [2, 0, 1, 1, -2, -2, -2, -2, -2], [2, 0, -1, -2, -2, -2, -2, 2, -2], [2, 0, -1, 3, -2, -2, -2, -2, -2], [1, -2, -1, 4, -2, -2, -2, -2, -2], [1, 1, -2, 4, 1, 1, -2, -2, -2], [0, -2, 1, 1, 2, 5, -2, -2, -2], [0, 1, -2, 1, -2, -2, -2, -2, 2], [0, 1, -2, 1, -2, -2, -2, 2, -2], [0, 1, -2, 1, -2, 5, -2, -2, -2]]
0.15 5 
 [[-2, -2, -1, -2, 1, 1, -2, 4, -2], [-2, -2, -1, 4, -2, 1, -2, -2, -2], [-2, 0, 1, 1, -2, -2, -2, 4, 2], [1, 0, -1, 4, -2, -2, -2, -2, -2], [0, 1, -2, 1, -2, 5, -2, -2, 2]]
0.2 0 
 []
0.25 0 
 []
0.3 0 
 []
