overall accuracy: 0.8234996841440303
execution time
10 3.813074827194214
20 2.7418031692504883
30 2.3646249771118164
40 1.9999711513519287
50 1.778703212738037
60 1.5708529949188232
70 1.3176209926605225
80 1.1574790477752686
90 1.0587389469146729
100 0.9465169906616211


number of calculations
10 79608.0
20 57381.0
30 45866.0
40 38935.0
50 34503.0
60 30110.0
70 26508.0
80 23858.0
90 22095.0
100 19720.0


number of patterns found
10 64 
 [[-2, -2, -2, -2, 2, 4, -2, 4, -2], [-2, -2, -2, 3, -2, 4, -2, 4, -2], [-2, -2, -2, 1, -2, -2, 2, -2, -2], [-2, -2, 2, -2, 1, 3, -2, 2, -2], [-2, -2, 2, 4, 1, -2, -2, 4, 2], [-2, -2, 1, 4, -2, 7, -1, 2, -2], [-2, -2, 1, 2, 2, 5, 3, -2, -2], [-2, -2, 0, -2, -2, 1, -2, 4, -2], [-2, -2, 0, 3, -2, -2, -2, 4, -2], [-2, -2, 0, 1, -2, -2, -1, 2, -2], [-2, -2, -1, -2, -2, -2, -2, 4, 1], [-2, -2, -1, -2, -2, 1, 3, -2, -2], [-2, -2, -1, 4, 2, 1, -2, 4, -2], [-2, -2, -1, 1, -2, 3, -2, -2, -2], [-2, 1, -2, 4, 2, -2, 1, -2, -2], [-2, 1, -2, 1, 2, 3, -2, 2, -2], [-2, 1, 2, -2, 1, 3, -2, -2, 2], [-2, 1, 2, 4, -2, 1, -2, -2, -2], [-2, 1, 2, 3, 1, 1, -2, -2, -2], [-2, 1, 2, 1, -2, 5, -2, -2, -2], [-2, 1, 1, -2, -2, -2, 2, -2, -2], [-2, 1, -1, -2, 2, 3, -2, 2, -2], [-2, 1, -1, -2, 1, -2, -2, 4, -2], [-2, 1, -1, -2, 1, -2, 3, -2, -2], [-2, 1, -1, 4, -2, -2, -2, 4, -2], [-2, 1, -1, 4, -2, 1, -2, -2, -2], [-2, 1, -1, 3, 1, 5, -1, 2, -2], [-2, 1, -1, 1, 2, -2, -1, 2, 2], [-2, 0, -2, -2, -2, 3, -2, 2, 1], [-2, 0, -2, 4, -2, -2, -2, 2, 1], [-2, 0, -2, 4, -2, 7, -2, -2, -2], [-2, 0, -2, 1, -2, 2, -2, -2, -2], [-2, 0, 2, -2, -2, 2, -2, 4, -2], [-2, 0, 2, 2, 1, -2, -1, 2, 2], [-2, 0, 1, 1, 1, -2, -2, 4, -2], [-2, 0, 0, -2, 2, 1, -2, -2, -2], [-2, 0, 0, 1, -2, -2, -2, 2, -2], [-2, 0, -1, -2, -2, -2, -2, -2, 1], [2, -2, -2, 3, 2, 4, -2, -2, 2], [2, -2, 0, -2, -2, 1, -2, -2, 2], [2, -2, 0, 3, -2, 1, -2, -2, -2], [2, -2, 0, 3, 2, -2, -2, -2, -2], [2, -2, -1, 3, -2, 2, -2, -2, -2], [2, 1, 2, -2, 2, 1, -2, 2, -2], [2, 1, 1, 3, -2, 5, -2, -2, -2], [2, 1, -1, 4, 1, -2, -2, -2, -2], [2, 0, 0, -2, -2, 1, -2, -2, -2], [2, 0, -1, -2, -2, 3, -2, 2, -2], [2, 0, -1, 3, -2, -2, -2, 2, -2], [1, -2, -2, 1, 2, 3, -2, -2, -2], [1, -2, -1, 4, 2, 5, -2, -2, -2], [1, -2, -1, 4, 1, 1, -2, -2, 2], [1, 1, -1, -2, 2, 5, -2, -2, -2], [1, 1, -1, 2, 2, -2, -2, -2, 2], [1, 0, -1, 4, -2, 1, -2, -2, -2], [0, -2, -1, 3, 2, 1, -2, -2, 2], [0, -2, -1, 3, 2, 1, -2, 2, -2], [0, 1, -2, 1, 2, -2, -2, -2, 2], [0, 1, 2, -2, 1, 5, -2, -2, -2], [0, 1, 1, 4, 2, 5, -2, -2, -2], [0, 1, 1, 1, 2, -2, -2, -2, -2], [0, 1, -1, -2, 2, 1, -2, -2, -2], [0, 1, -1, 3, -2, 1, -2, 2, -2], [0, 1, -1, 1, -2, -2, -1, -2, 2]]
20 11 
 [[-2, -2, -2, -2, 2, 4, -2, 4, -2], [-2, -2, 0, -2, -2, 1, -2, 4, -2], [-2, 1, -1, -2, 1, -2, -2, 4, -2], [-2, 1, -1, 4, -2, 1, -2, -2, -2], [-2, 0, -2, 1, -2, 2, -2, -2, -2], [-2, 0, 1, 1, 1, -2, -2, 4, -2], [2, -2, 0, -2, -2, 1, -2, -2, 2], [2, 0, -1, 3, -2, -2, -2, 2, -2], [1, -2, -2, 1, 2, 3, -2, -2, -2], [1, 0, -1, 4, -2, 1, -2, -2, -2], [0, 1, -2, 1, 2, -2, -2, -2, 2]]
30 2 
 [[-2, 1, -1, -2, 1, -2, -2, 4, -2], [0, 1, -2, 1, 2, -2, -2, -2, 2]]
40 0 
 []
50 0 
 []
60 0 
 []
70 0 
 []
80 0 
 []
90 0 
 []
100 0 
 []
