overall accuracy: 0.8234996841440303
execution time
10 105.37255334854126
20 99.43298196792603
30 100.9172248840332
40 105.7678689956665
50 102.58590912818909
60 98.09550905227661
70 90.66459107398987
80 84.0844099521637
90 75.13864398002625
100 74.39432191848755


number of calculations
10 1781999.0
20 1781999.0
30 1781999.0
40 1781999.0
50 1781999.0
60 1781999.0
70 1781999.0
80 1781999.0
90 1781999.0
100 1781999.0


number of patterns found
10 88 
 [[-1, -1, -1, 1, -1, -1, 2, -1, -1], [-1, 1, 1, -1, -1, -1, 2, -1, -1], [-1, 0, -1, 1, -1, 2, -1, -1, -1], [-1, 0, -1, 4, -1, 7, -1, -1, -1], [-1, -1, -1, 1, -1, -1, 2, -1, -1], [-1, -1, 0, 3, -1, -1, -1, 4, -1], [-1, -1, 0, -1, -1, 1, -1, 4, -1], [-1, -1, -1, 3, -1, 4, -1, 4, -1], [-1, -1, -1, -1, 2, 4, -1, 4, -1], [2, 0, 0, -1, -1, 1, -1, -1, -1], [2, -1, 0, 3, 2, -1, -1, -1, -1], [2, -1, 0, 3, -1, 1, -1, -1, -1], [2, -1, 0, -1, -1, 1, -1, -1, 2], [1, -1, -1, 1, 2, 3, -1, -1, -1], [-1, 0, -1, 1, -1, 2, -1, -1, -1], [-1, 0, -1, 4, -1, 7, -1, -1, -1], [-1, 1, 2, 1, -1, 5, -1, -1, -1], [-1, 1, 2, 4, -1, 1, -1, -1, -1], [-1, 0, 0, 1, -1, -1, -1, 2, -1], [-1, 0, 0, -1, 2, 1, -1, -1, -1], [-1, 0, 2, -1, -1, 2, -1, 4, -1], [-1, 1, -1, 4, 2, -1, 1, -1, -1], [-1, 0, -1, 1, -1, 2, -1, -1, -1], [-1, 0, -1, 4, -1, 7, -1, -1, -1], [-1, 0, -1, 4, -1, -1, -1, 2, 1], [-1, 0, -1, -1, -1, 3, -1, 2, 1], [-1, -1, -1, 3, -1, 4, -1, 4, -1], [-1, -1, 0, 3, -1, -1, -1, 4, -1], [-1, -1, -1, -1, 2, 4, -1, 4, -1], [-1, -1, 2, -1, 1, 3, -1, 2, -1], [-1, -1, 0, -1, -1, 1, -1, 4, -1], [-1, -1, -1, 3, -1, 4, -1, 4, -1], [-1, -1, -1, -1, 2, 4, -1, 4, -1], [0, 1, 1, 1, 2, -1, -1, -1, -1], [2, 1, 1, 3, -1, 5, -1, -1, -1], [0, 1, 2, -1, 1, 5, -1, -1, -1], [2, 0, 0, -1, -1, 1, -1, -1, -1], [0, 1, -1, 1, 2, -1, -1, -1, 2], [1, -1, -1, 1, 2, 3, -1, -1, -1], [2, -1, 0, 3, 2, -1, -1, -1, -1], [2, -1, 0, 3, -1, 1, -1, -1, -1], [2, -1, 0, -1, -1, 1, -1, -1, 2], [1, -1, -1, 1, 2, 3, -1, -1, -1], [2, -1, -1, 3, 2, 4, -1, -1, 2], [-1, 1, 2, 3, 1, 1, -1, -1, -1], [-1, 1, -1, 4, 2, -1, 1, -1, -1], [-1, 0, 1, 1, 1, -1, -1, 4, -1], [-1, 0, -1, 1, -1, 2, -1, -1, -1], [-1, 0, -1, 4, -1, 7, -1, -1, -1], [-1, 1, 2, 1, -1, 5, -1, -1, -1], [-1, 1, 2, 4, -1, 1, -1, -1, -1], [-1, 0, 0, 1, -1, -1, -1, 2, -1], [-1, 0, -1, 4, -1, -1, -1, 2, 1], [-1, 0, 0, -1, 2, 1, -1, -1, -1], [-1, 1, 2, -1, 1, 3, -1, -1, 2], [-1, 0, 2, -1, -1, 2, -1, 4, -1], [-1, 0, -1, -1, -1, 3, -1, 2, 1], [-1, 1, -1, 1, 2, 3, -1, 2, -1], [-1, 0, -1, 4, -1, -1, -1, 2, 1], [-1, 0, -1, -1, -1, 3, -1, 2, 1], [-1, -1, 1, 2, 2, 5, 3, -1, -1], [-1, -1, 2, 4, 1, -1, -1, 4, 2], [-1, -1, -1, 3, -1, 4, -1, 4, -1], [-1, -1, -1, -1, 2, 4, -1, 4, -1], [-1, -1, 2, -1, 1, 3, -1, 2, -1], [0, 1, 1, 4, 2, 5, -1, -1, -1], [0, 1, 1, 1, 2, -1, -1, -1, -1], [0, 1, -1, 1, 2, -1, -1, -1, 2], [2, 1, 1, 3, -1, 5, -1, -1, -1], [0, 1, 2, -1, 1, 5, -1, -1, -1], [2, 1, 2, -1, 2, 1, -1, 2, -1], [0, 1, -1, 1, 2, -1, -1, -1, 2], [1, -1, -1, 1, 2, 3, -1, -1, -1], [2, -1, -1, 3, 2, 4, -1, -1, 2], [2, -1, -1, 3, 2, 4, -1, -1, 2], [-1, 1, 2, 3, 1, 1, -1, -1, -1], [-1, 1, -1, 1, 2, 3, -1, 2, -1], [-1, 0, 1, 1, 1, -1, -1, 4, -1], [-1, 0, -1, 4, -1, -1, -1, 2, 1], [-1, 1, 2, -1, 1, 3, -1, -1, 2], [-1, 0, -1, -1, -1, 3, -1, 2, 1], [-1, 1, -1, 1, 2, 3, -1, 2, -1], [-1, -1, 2, 4, 1, -1, -1, 4, 2], [0, 1, 1, 4, 2, 5, -1, -1, -1], [0, 1, -1, 1, 2, -1, -1, -1, 2], [2, 1, 2, -1, 2, 1, -1, 2, -1], [2, -1, -1, 3, 2, 4, -1, -1, 2], [-1, 1, -1, 1, 2, 3, -1, 2, -1]]
20 22 
 [[-1, 0, -1, 1, -1, 2, -1, -1, -1], [-1, -1, 0, -1, -1, 1, -1, 4, -1], [-1, -1, -1, -1, 2, 4, -1, 4, -1], [2, -1, 0, -1, -1, 1, -1, -1, 2], [1, -1, -1, 1, 2, 3, -1, -1, -1], [-1, 0, -1, 1, -1, 2, -1, -1, -1], [-1, 0, -1, 1, -1, 2, -1, -1, -1], [-1, -1, -1, -1, 2, 4, -1, 4, -1], [-1, -1, 0, -1, -1, 1, -1, 4, -1], [-1, -1, -1, -1, 2, 4, -1, 4, -1], [0, 1, -1, 1, 2, -1, -1, -1, 2], [1, -1, -1, 1, 2, 3, -1, -1, -1], [2, -1, 0, -1, -1, 1, -1, -1, 2], [1, -1, -1, 1, 2, 3, -1, -1, -1], [-1, 0, 1, 1, 1, -1, -1, 4, -1], [-1, 0, -1, 1, -1, 2, -1, -1, -1], [-1, -1, -1, -1, 2, 4, -1, 4, -1], [0, 1, -1, 1, 2, -1, -1, -1, 2], [0, 1, -1, 1, 2, -1, -1, -1, 2], [1, -1, -1, 1, 2, 3, -1, -1, -1], [-1, 0, 1, 1, 1, -1, -1, 4, -1], [0, 1, -1, 1, 2, -1, -1, -1, 2]]
30 4 
 [[0, 1, -1, 1, 2, -1, -1, -1, 2], [0, 1, -1, 1, 2, -1, -1, -1, 2], [0, 1, -1, 1, 2, -1, -1, -1, 2], [0, 1, -1, 1, 2, -1, -1, -1, 2]]
40 0 
 []
50 0 
 []
60 0 
 []
70 0 
 []
80 0 
 []
90 0 
 []
100 0 
 []
