execution time
3 0.09486007690429688 0.1067969799041748
4 0.14117002487182617 0.2045729160308838
5 0.2329249382019043 0.4899630546569824
6 0.4831550121307373 1.1934797763824463
7 0.9531769752502441 2.3280189037323
8 1.9311840534210205 4.834272861480713
9 4.276314735412598 14.219194173812866
10 10.834848642349243 35.54505705833435
11 30.392431020736694 83.49714493751526
12 60.634711265563965 206.70505619049072
13 155.2652997970581 407.1150059700012
14 316.46927213668823


number of patterns checked
3 570.0 912.0
4 4263.0 6666.0
5 11690.0 18458.0
6 19195.0 30250.0
7 47443.0 74332.0
8 104017.0 162496.0
9 254972.0 397600.0
10 516800.0 797392.0
11 1232300.0 1871584.0
12 2184573.0 3300256.0
13 4510830.0 6779690.0
14 12690093.0


number of patterns found
3 40 
 [[[1, -1, -1], [-1, 1, -1], [-1, -1, 1]], [[1, -1, -1], [-1, 1, -1], [-1, -1, 1]], [[1, -1, -1], [-1, 1, -1], [-1, -1, 1]], [[1, -1, -1], [-1, 1, -1], [-1, -1, 1]], [[1, -1, -1], [-1, 1, -1], [-1, -1, 1]], [[1, -1, -1], [-1, 1, -1], [-1, -1, 1]], [[1, -1, -1], [-1, 1, -1], [-1, -1, 1]], [[1, -1, -1], [-1, 1, -1], [-1, -1, 1]], [[1, -1, -1], [-1, 1, -1], [-1, -1, 1]], [[1, -1, -1], [-1, 1, -1], [-1, -1, 1]], [[1, -1, -1], [-1, -1, 1]], [[1, -1, -1], [-1, -1, 1]], [[1, -1, -1], [-1, -1, 1]], [[1, -1, -1], [-1, -1, 1]], [[1, -1, -1], [-1, -1, 1]], [[1, -1, -1], [-1, -1, 1]], [[1, -1, -1], [-1, -1, 1]], [[1, -1, -1], [-1, -1, 1]], [[1, -1, -1], [-1, -1, 1]], [[1, -1, -1], [-1, -1, 1]], [[1, -1, -1], [-1, -1, 1]], [[1, -1, -1], [-1, -1, 1]], [[1, -1, -1], [-1, -1, 1]], [[1, -1, -1], [-1, -1, 1]], [[1, -1, -1], [-1, -1, 1]], [[1, -1, -1], [-1, -1, 1]], [[1, -1, -1], [-1, -1, 1]], [[1, -1, -1], [-1, -1, 1]], [[1, -1, -1], [-1, -1, 1]], [[1, -1, -1], [-1, -1, 1]], [[1, -1, -1], [-1, -1, 1]], [[1, -1, -1], [-1, -1, 1]], [[1, -1, -1], [-1, -1, 1]], [[1, -1, -1], [-1, -1, 1]], [[1, -1, -1], [-1, -1, 1]], [[1, -1, -1], [-1, -1, 1]], [[1, -1, -1], [-1, -1, 1]], [[1, -1, -1], [-1, -1, 1]], [[1, -1, -1], [-1, -1, 1]], [[1, -1, -1], [-1, -1, 1]]]
4 40 
 [[[1, -1, -1, -1], [-1, 1, -1, -1], [-1, -1, 1, -1], [-1, -1, -1, 1]], [[1, -1, -1, -1], [-1, 1, -1, -1], [-1, -1, 1, -1], [-1, -1, -1, 1]], [[1, -1, -1, -1], [-1, 1, -1, -1], [-1, -1, 1, -1], [-1, -1, -1, 1]], [[1, -1, -1, -1], [-1, 1, -1, -1], [-1, -1, 1, -1], [-1, -1, -1, 1]], [[1, -1, -1, -1], [-1, 1, -1, -1], [-1, -1, 1, -1], [-1, -1, -1, 1]], [[1, -1, -1, -1], [-1, 1, -1, -1], [-1, -1, 1, -1], [-1, -1, -1, 1]], [[1, -1, -1, -1], [-1, 1, -1, -1], [-1, -1, 1, -1], [-1, -1, -1, 1]], [[1, -1, -1, -1], [-1, 1, -1, -1], [-1, -1, 1, -1], [-1, -1, -1, 1]], [[1, -1, -1, -1], [-1, 1, -1, -1], [-1, -1, 1, -1], [-1, -1, -1, 1]], [[1, -1, -1, -1], [-1, 1, -1, -1], [-1, -1, 1, -1], [-1, -1, -1, 1]], [[1, -1, -1, -1], [-1, -1, 1, -1], [-1, -1, -1, 1]], [[1, -1, -1, -1], [-1, -1, 1, -1], [-1, -1, -1, 1]], [[1, -1, -1, -1], [-1, -1, 1, -1]], [[1, -1, -1, -1], [-1, -1, 1, -1], [-1, 1, -1, 0]], [[1, -1, -1, -1], [-1, -1, 1, -1], [-1, 1, -1, 0]], [[1, -1, -1, -1], [-1, -1, 1, -1], [-1, 1, -1, 0]], [[1, -1, -1, -1], [-1, -1, 1, -1], [-1, 1, -1, 0]], [[1, -1, -1, -1], [-1, -1, 1, -1], [-1, 1, -1, 0]], [[1, -1, -1, -1], [-1, -1, 1, -1], [-1, 1, -1, 0]], [[1, -1, -1, -1], [-1, -1, 1, -1]], [[1, -1, -1, -1], [-1, -1, 1, -1]], [[1, -1, -1, -1], [-1, -1, 1, -1]], [[1, -1, -1, -1], [-1, -1, 1, -1]], [[1, -1, -1, -1], [-1, -1, 1, -1]], [[1, -1, -1, -1], [-1, -1, 1, -1]], [[1, -1, -1, -1], [-1, -1, 1, -1]], [[1, -1, -1, -1], [-1, -1, 1, -1]], [[1, -1, -1, -1], [-1, -1, 1, -1]], [[1, -1, -1, -1], [-1, -1, 1, -1]], [[1, -1, -1, -1], [-1, -1, 1, -1]], [[1, -1, -1, -1], [-1, -1, 1, -1]], [[1, -1, -1, -1], [-1, -1, 1, -1]], [[1, -1, -1, -1], [-1, -1, 1, -1]], [[1, -1, -1, -1], [-1, -1, 1, -1]], [[1, -1, -1, -1], [-1, -1, 1, -1]], [[1, -1, -1, -1], [-1, -1, 1, -1]], [[1, -1, -1, -1], [-1, -1, 1, -1]], [[1, -1, -1, -1], [-1, -1, 1, -1]], [[1, -1, -1, -1], [-1, -1, 1, -1]], [[1, -1, -1, -1], [-1, -1, 1, -1]]]
5 40 
 [[[1, -1, -1, -1, -1], [-1, 1, -1, -1, -1], [-1, -1, 1, -1, -1], [-1, -1, -1, 1, -1]], [[1, -1, -1, -1, -1], [-1, 1, -1, -1, -1], [-1, -1, 1, -1, -1], [-1, -1, -1, 1, -1]], [[1, -1, -1, -1, -1], [-1, 1, -1, -1, -1], [-1, -1, 1, -1, -1], [-1, -1, -1, 1, -1]], [[1, -1, -1, -1, -1], [-1, 1, -1, -1, -1], [-1, -1, 1, -1, -1], [-1, -1, -1, 1, -1]], [[1, -1, -1, -1, -1], [-1, 1, -1, -1, -1], [-1, -1, 1, -1, -1], [-1, -1, -1, 1, -1]], [[1, -1, -1, -1, -1], [-1, 1, -1, -1, -1], [-1, -1, 1, -1, -1], [-1, -1, -1, 1, -1]], [[1, -1, -1, -1, -1], [-1, 1, -1, -1, -1], [-1, -1, 1, -1, -1], [-1, -1, -1, 1, -1]], [[1, -1, -1, -1, -1], [-1, 1, -1, -1, -1], [-1, -1, 1, -1, -1], [-1, -1, -1, 1, -1]], [[1, -1, -1, -1, -1], [-1, 1, -1, -1, -1], [-1, -1, 1, -1, -1], [-1, -1, -1, 1, -1]], [[1, -1, -1, -1, -1], [-1, 1, -1, -1, -1], [-1, -1, 1, -1, -1], [-1, -1, -1, 1, -1]], [[1, -1, -1, -1, -1], [-1, -1, 1, -1, -1], [-1, -1, -1, 1, -1]], [[1, -1, -1, -1, -1], [-1, -1, 1, -1, -1], [-1, -1, -1, 1, -1]], [[1, -1, -1, -1, -1], [-1, -1, 1, -1, -1]], [[1, -1, -1, -1, -1], [-1, -1, 1, -1, -1], [-1, 1, -1, 0, -1]], [[1, -1, -1, -1, -1], [-1, -1, 1, -1, -1], [-1, 1, -1, 0, -1]], [[1, -1, -1, -1, -1], [-1, -1, 1, -1, -1], [-1, 1, -1, 0, -1]], [[1, -1, -1, -1, -1], [-1, -1, 1, -1, -1], [-1, 1, -1, 0, -1]], [[1, -1, -1, -1, -1], [-1, -1, 1, -1, -1], [-1, 1, -1, 0, -1]], [[1, -1, -1, -1, -1], [-1, -1, 1, -1, -1], [-1, 1, -1, 0, -1]], [[1, -1, -1, -1, -1], [-1, -1, 1, -1, -1]], [[1, -1, -1, -1, -1], [-1, -1, 1, -1, -1]], [[1, -1, -1, -1, -1], [-1, -1, 1, -1, -1]], [[1, -1, -1, -1, -1], [-1, -1, 1, -1, -1]], [[1, -1, -1, -1, -1], [-1, -1, 1, -1, -1]], [[1, -1, -1, -1, -1], [-1, -1, 1, -1, -1]], [[1, -1, -1, -1, -1], [-1, -1, 1, -1, -1]], [[1, -1, -1, -1, -1], [-1, -1, 1, -1, -1]], [[1, -1, -1, -1, -1], [-1, -1, 1, -1, -1]], [[1, -1, -1, -1, -1], [-1, -1, 1, -1, -1]], [[1, -1, -1, -1, -1], [-1, -1, 1, -1, -1]], [[1, -1, -1, -1, -1], [-1, -1, 1, -1, -1]], [[1, -1, -1, -1, -1], [-1, -1, 1, -1, -1]], [[1, -1, -1, -1, -1], [-1, -1, 1, -1, -1]], [[1, -1, -1, -1, -1], [-1, -1, 1, -1, -1]], [[1, -1, -1, -1, -1], [-1, -1, 1, -1, -1]], [[1, -1, -1, -1, -1], [-1, -1, 1, -1, -1]], [[1, -1, -1, -1, -1], [-1, -1, 1, -1, -1]], [[1, -1, -1, -1, -1], [-1, -1, 1, -1, -1]], [[1, -1, -1, -1, -1], [-1, -1, 1, -1, -1]], [[1, -1, -1, -1, -1], [-1, -1, 1, -1, -1]]]
6 40 
 [[[1, -1, -1, -1, -1, -1], [-1, 1, -1, -1, -1, -1], [-1, -1, 1, -1, -1, -1], [-1, -1, -1, 1, -1, -1], [-1, -1, -1, -1, -1, 1]], [[1, -1, -1, -1, -1, -1], [-1, 1, -1, -1, -1, -1], [-1, -1, 1, -1, -1, -1], [-1, -1, -1, 1, -1, -1]], [[1, -1, -1, -1, -1, -1], [-1, 1, -1, -1, -1, -1], [-1, -1, 1, -1, -1, -1], [-1, -1, -1, 1, -1, -1]], [[1, -1, -1, -1, -1, -1], [-1, 1, -1, -1, -1, -1], [-1, -1, 1, -1, -1, -1], [-1, -1, -1, 1, -1, -1]], [[1, -1, -1, -1, -1, -1], [-1, 1, -1, -1, -1, -1], [-1, -1, 1, -1, -1, -1], [-1, -1, -1, 1, -1, -1], [-1, -1, -1, 0, -1, 1]], [[1, -1, -1, -1, -1, -1], [-1, 1, -1, -1, -1, -1], [-1, -1, 1, -1, -1, -1], [-1, -1, -1, 1, -1, -1], [-1, -1, -1, 0, -1, 1]], [[1, -1, -1, -1, -1, -1], [-1, 1, -1, -1, -1, -1], [-1, -1, 1, -1, -1, -1], [-1, -1, -1, 1, -1, -1], [-1, -1, -1, -1, -1, 1]], [[1, -1, -1, -1, -1, -1], [-1, 1, -1, -1, -1, -1], [-1, -1, 1, -1, -1, -1], [-1, -1, -1, 1, -1, -1]], [[1, -1, -1, -1, -1, -1], [-1, 1, -1, -1, -1, -1], [-1, -1, 1, -1, -1, -1], [-1, -1, -1, 1, -1, -1], [-1, -1, -1, 0, -1, 1]], [[1, -1, -1, -1, -1, -1], [-1, 1, -1, -1, -1, -1], [-1, -1, 1, -1, -1, -1], [-1, -1, -1, 1, -1, -1]], [[1, -1, -1, -1, -1, -1], [-1, -1, 1, -1, -1, -1], [-1, -1, -1, 1, -1, -1]], [[1, -1, -1, -1, -1, -1], [-1, -1, 1, -1, -1, -1], [-1, -1, -1, 1, -1, -1]], [[1, -1, -1, -1, -1, -1], [-1, -1, 1, -1, -1, -1]], [[1, -1, -1, -1, -1, -1], [-1, -1, 1, -1, -1, -1], [-1, 1, -1, 0, -1, -1]], [[1, -1, -1, -1, -1, -1], [-1, -1, 1, -1, -1, -1], [-1, 1, -1, 0, -1, -1]], [[1, -1, -1, -1, -1, -1], [-1, -1, 1, -1, -1, -1], [-1, 1, -1, 0, -1, -1]], [[1, -1, -1, -1, -1, -1], [-1, -1, 1, -1, -1, -1], [-1, 1, -1, 0, -1, -1]], [[1, -1, -1, -1, -1, -1], [-1, -1, 1, -1, -1, -1], [-1, 1, -1, 0, -1, -1]], [[1, -1, -1, -1, -1, -1], [-1, -1, 1, -1, -1, -1], [-1, 1, -1, 0, -1, -1]], [[1, -1, -1, -1, -1, -1], [-1, -1, 1, -1, -1, -1]], [[1, -1, -1, -1, -1, -1], [-1, -1, 1, -1, -1, -1]], [[1, -1, -1, -1, -1, -1], [-1, -1, 1, -1, -1, -1], [-1, -1, -1, 0, -1, 1]], [[1, -1, -1, -1, -1, -1], [-1, -1, 1, -1, -1, -1]], [[1, -1, -1, -1, -1, -1], [-1, -1, 1, -1, -1, -1]], [[1, -1, -1, -1, -1, -1], [-1, -1, 1, -1, -1, -1]], [[1, -1, -1, -1, -1, -1], [-1, -1, 1, -1, -1, -1]], [[1, -1, -1, -1, -1, -1], [-1, -1, 1, -1, -1, -1]], [[1, -1, -1, -1, -1, -1], [-1, -1, 1, -1, -1, -1]], [[1, -1, -1, -1, -1, -1], [-1, -1, 1, -1, -1, -1]], [[1, -1, -1, -1, -1, -1], [-1, -1, 1, -1, -1, -1]], [[1, -1, -1, -1, -1, -1], [-1, -1, 1, -1, -1, -1]], [[1, -1, -1, -1, -1, -1], [-1, -1, 1, -1, -1, -1]], [[1, -1, -1, -1, -1, -1], [-1, -1, 1, -1, -1, -1]], [[1, -1, -1, -1, -1, -1], [-1, -1, 1, -1, -1, -1]], [[1, -1, -1, -1, -1, -1], [-1, -1, 1, -1, -1, -1]], [[1, -1, -1, -1, -1, -1], [-1, -1, 1, -1, -1, -1]], [[1, -1, -1, -1, -1, -1], [-1, -1, 1, -1, -1, -1]], [[1, -1, -1, -1, -1, -1], [-1, -1, 1, -1, -1, -1]], [[1, -1, -1, -1, -1, -1], [-1, -1, 1, -1, -1, -1]], [[1, -1, -1, -1, -1, -1], [-1, -1, 1, -1, -1, -1]]]
7 40 
 [[[1, -1, -1, -1, -1, -1, -1], [-1, 1, -1, -1, -1, -1, -1], [-1, -1, 1, -1, -1, -1, -1], [-1, -1, -1, 1, -1, -1, -1], [-1, -1, -1, -1, -1, 1, -1]], [[1, -1, -1, -1, -1, -1, -1], [-1, 1, -1, -1, -1, -1, -1], [-1, -1, 1, -1, -1, -1, -1], [-1, -1, -1, 1, -1, -1, -1]], [[1, -1, -1, -1, -1, -1, -1], [-1, 1, -1, -1, -1, -1, -1], [-1, -1, 1, -1, -1, -1, -1], [-1, -1, -1, 1, -1, -1, -1]], [[1, -1, -1, -1, -1, -1, -1], [-1, 1, -1, -1, -1, -1, -1], [-1, -1, 1, -1, -1, -1, -1], [-1, -1, -1, 1, -1, -1, -1]], [[1, -1, -1, -1, -1, -1, -1], [-1, 1, -1, -1, -1, -1, -1], [-1, -1, 1, -1, -1, -1, -1], [-1, -1, -1, 1, -1, -1, -1], [-1, -1, -1, 0, -1, 1, -1]], [[1, -1, -1, -1, -1, -1, -1], [-1, 1, -1, -1, -1, -1, -1], [-1, -1, 1, -1, -1, -1, -1], [-1, -1, -1, 1, -1, -1, -1], [-1, -1, -1, 0, -1, 1, -1]], [[1, -1, -1, -1, -1, -1, -1], [-1, 1, -1, -1, -1, -1, -1], [-1, -1, 1, -1, -1, -1, -1], [-1, -1, -1, 1, -1, -1, -1], [-1, -1, -1, -1, -1, 1, -1]], [[1, -1, -1, -1, -1, -1, -1], [-1, 1, -1, -1, -1, -1, -1], [-1, -1, 1, -1, -1, -1, -1], [-1, -1, -1, 1, -1, -1, -1]], [[1, -1, -1, -1, -1, -1, -1], [-1, 1, -1, -1, -1, -1, -1], [-1, -1, 1, -1, -1, -1, -1], [-1, -1, -1, 1, -1, -1, -1], [-1, -1, -1, 0, -1, 1, -1]], [[1, -1, -1, -1, -1, -1, -1], [-1, 1, -1, -1, -1, -1, -1], [-1, -1, 1, -1, -1, -1, -1], [-1, -1, -1, 1, -1, -1, -1]], [[1, -1, -1, -1, -1, -1, -1], [-1, -1, 1, -1, -1, -1, -1], [-1, -1, -1, 1, -1, -1, -1]], [[1, -1, -1, -1, -1, -1, -1], [-1, -1, 1, -1, -1, -1, -1], [-1, -1, -1, 1, -1, -1, -1]], [[1, -1, -1, -1, -1, -1, -1], [-1, -1, 1, -1, -1, -1, -1]], [[1, -1, -1, -1, -1, -1, -1], [-1, -1, 1, -1, -1, -1, -1], [-1, 1, -1, 0, -1, -1, -1]], [[1, -1, -1, -1, -1, -1, -1], [-1, -1, 1, -1, -1, -1, -1], [-1, 1, -1, 0, -1, -1, -1]], [[1, -1, -1, -1, -1, -1, -1], [-1, -1, 1, -1, -1, -1, -1], [-1, 1, -1, 0, -1, -1, -1]], [[1, -1, -1, -1, -1, -1, -1], [-1, -1, 1, -1, -1, -1, -1], [-1, 1, -1, 0, -1, -1, -1]], [[1, -1, -1, -1, -1, -1, -1], [-1, -1, 1, -1, -1, -1, -1], [-1, 1, -1, 0, -1, -1, -1]], [[1, -1, -1, -1, -1, -1, -1], [-1, -1, 1, -1, -1, -1, -1], [-1, 1, -1, 0, -1, -1, -1]], [[1, -1, -1, -1, -1, -1, -1], [-1, -1, 1, -1, -1, -1, -1]], [[1, -1, -1, -1, -1, -1, -1], [-1, -1, 1, -1, -1, -1, -1]], [[1, -1, -1, -1, -1, -1, -1], [-1, -1, 1, -1, -1, -1, -1], [-1, -1, -1, 0, -1, 1, -1]], [[1, -1, -1, -1, -1, -1, -1], [-1, -1, 1, -1, -1, -1, -1]], [[1, -1, -1, -1, -1, -1, -1], [-1, -1, 1, -1, -1, -1, -1]], [[1, -1, -1, -1, -1, -1, -1], [-1, -1, 1, -1, -1, -1, -1]], [[1, -1, -1, -1, -1, -1, -1], [-1, -1, 1, -1, -1, -1, -1]], [[1, -1, -1, -1, -1, -1, -1], [-1, -1, 1, -1, -1, -1, -1]], [[1, -1, -1, -1, -1, -1, -1], [-1, -1, 1, -1, -1, -1, -1]], [[1, -1, -1, -1, -1, -1, -1], [-1, -1, 1, -1, -1, -1, -1]], [[1, -1, -1, -1, -1, -1, -1], [-1, -1, 1, -1, -1, -1, -1]], [[1, -1, -1, -1, -1, -1, -1], [-1, -1, 1, -1, -1, -1, -1]], [[1, -1, -1, -1, -1, -1, -1], [-1, -1, 1, -1, -1, -1, -1]], [[1, -1, -1, -1, -1, -1, -1], [-1, -1, 1, -1, -1, -1, -1]], [[1, -1, -1, -1, -1, -1, -1], [-1, -1, 1, -1, -1, -1, -1]], [[1, -1, -1, -1, -1, -1, -1], [-1, -1, 1, -1, -1, -1, -1]], [[1, -1, -1, -1, -1, -1, -1], [-1, -1, 1, -1, -1, -1, -1]], [[1, -1, -1, -1, -1, -1, -1], [-1, -1, 1, -1, -1, -1, -1]], [[1, -1, -1, -1, -1, -1, -1], [-1, -1, 1, -1, -1, -1, -1]], [[1, -1, -1, -1, -1, -1, -1], [-1, -1, 1, -1, -1, -1, -1]], [[1, -1, -1, -1, -1, -1, -1], [-1, -1, 1, -1, -1, -1, -1]]]
8 40 
 [[[1, -1, -1, -1, -1, -1, -1, -1], [-1, 1, -1, -1, -1, -1, -1, -1], [-1, -1, 1, -1, -1, -1, -1, -1], [-1, -1, -1, 1, -1, -1, -1, -1], [-1, -1, -1, -1, -1, 1, -1, -1]], [[1, -1, -1, -1, -1, -1, -1, -1], [-1, 1, -1, -1, -1, -1, -1, -1], [-1, -1, 1, -1, -1, -1, -1, -1], [-1, -1, -1, 1, -1, -1, -1, -1]], [[1, -1, -1, -1, -1, -1, -1, -1], [-1, 1, -1, -1, -1, -1, -1, -1], [-1, -1, 1, -1, -1, -1, -1, -1], [-1, -1, -1, 1, -1, -1, -1, -1]], [[1, -1, -1, -1, -1, -1, -1, -1], [-1, 1, -1, -1, -1, -1, -1, -1], [-1, -1, 1, -1, -1, -1, -1, -1], [-1, -1, -1, 1, -1, -1, -1, -1]], [[1, -1, -1, -1, -1, -1, -1, -1], [-1, 1, -1, -1, -1, -1, -1, -1], [-1, -1, 1, -1, -1, -1, -1, -1], [-1, -1, -1, 1, -1, -1, -1, -1], [-1, -1, -1, 0, -1, 1, -1, -1]], [[1, -1, -1, -1, -1, -1, -1, -1], [-1, 1, -1, -1, -1, -1, -1, -1], [-1, -1, 1, -1, -1, -1, -1, -1], [-1, -1, -1, 1, -1, -1, -1, -1], [-1, -1, -1, 0, -1, 1, -1, -1]], [[1, -1, -1, -1, -1, -1, -1, -1], [-1, 1, -1, -1, -1, -1, -1, -1], [-1, -1, 1, -1, -1, -1, -1, -1], [-1, -1, -1, 1, -1, -1, -1, -1], [-1, -1, -1, -1, -1, 1, -1, -1]], [[1, -1, -1, -1, -1, -1, -1, -1], [-1, 1, -1, -1, -1, -1, -1, -1], [-1, -1, 1, -1, -1, -1, -1, -1], [-1, -1, -1, 1, -1, -1, -1, -1]], [[1, -1, -1, -1, -1, -1, -1, -1], [-1, 1, -1, -1, -1, -1, -1, -1], [-1, -1, 1, -1, -1, -1, -1, -1], [-1, -1, -1, 1, -1, -1, -1, -1], [-1, -1, -1, 0, -1, 1, -1, -1]], [[1, -1, -1, -1, -1, -1, -1, -1], [-1, 1, -1, -1, -1, -1, -1, -1], [-1, -1, 1, -1, -1, -1, -1, -1], [-1, -1, -1, 1, -1, -1, -1, -1]], [[1, -1, -1, -1, -1, -1, -1, -1], [-1, -1, 1, -1, -1, -1, -1, -1], [-1, -1, -1, 1, -1, -1, -1, -1]], [[1, -1, -1, -1, -1, -1, -1, -1], [-1, -1, 1, -1, -1, -1, -1, -1], [-1, -1, -1, 1, -1, -1, -1, -1]], [[1, -1, -1, -1, -1, -1, -1, -1], [-1, -1, 1, -1, -1, -1, -1, -1]], [[1, -1, -1, -1, -1, -1, -1, -1], [-1, -1, 1, -1, -1, -1, -1, -1], [-1, 1, -1, 0, -1, -1, -1, -1]], [[1, -1, -1, -1, -1, -1, -1, -1], [-1, -1, 1, -1, -1, -1, -1, -1], [-1, 1, -1, 0, -1, -1, -1, -1]], [[1, -1, -1, -1, -1, -1, -1, -1], [-1, -1, 1, -1, -1, -1, -1, -1], [-1, 1, -1, 0, -1, -1, -1, -1]], [[1, -1, -1, -1, -1, -1, -1, -1], [-1, -1, 1, -1, -1, -1, -1, -1], [-1, 1, -1, 0, -1, -1, -1, -1]], [[1, -1, -1, -1, -1, -1, -1, -1], [-1, -1, 1, -1, -1, -1, -1, -1], [-1, 1, -1, 0, -1, -1, -1, -1]], [[1, -1, -1, -1, -1, -1, -1, -1], [-1, -1, 1, -1, -1, -1, -1, -1], [-1, 1, -1, 0, -1, -1, -1, -1]], [[1, -1, -1, -1, -1, -1, -1, -1], [-1, -1, 1, -1, -1, -1, -1, -1]], [[1, -1, -1, -1, -1, -1, -1, -1], [-1, -1, 1, -1, -1, -1, -1, -1]], [[1, -1, -1, -1, -1, -1, -1, -1], [-1, -1, 1, -1, -1, -1, -1, -1], [-1, -1, -1, 0, -1, 1, -1, -1]], [[1, -1, -1, -1, -1, -1, -1, -1], [-1, -1, 1, -1, -1, -1, -1, -1]], [[1, -1, -1, -1, -1, -1, -1, -1], [-1, -1, 1, -1, -1, -1, -1, -1]], [[1, -1, -1, -1, -1, -1, -1, -1], [-1, -1, 1, -1, -1, -1, -1, -1]], [[1, -1, -1, -1, -1, -1, -1, -1], [-1, -1, 1, -1, -1, -1, -1, -1]], [[1, -1, -1, -1, -1, -1, -1, -1], [-1, -1, 1, -1, -1, -1, -1, -1]], [[1, -1, -1, -1, -1, -1, -1, -1], [-1, -1, 1, -1, -1, -1, -1, -1]], [[1, -1, -1, -1, -1, -1, -1, -1], [-1, -1, 1, -1, -1, -1, -1, -1]], [[1, -1, -1, -1, -1, -1, -1, -1], [-1, -1, 1, -1, -1, -1, -1, -1]], [[1, -1, -1, -1, -1, -1, -1, -1], [-1, -1, 1, -1, -1, -1, -1, -1]], [[1, -1, -1, -1, -1, -1, -1, -1], [-1, -1, 1, -1, -1, -1, -1, -1]], [[1, -1, -1, -1, -1, -1, -1, -1], [-1, -1, 1, -1, -1, -1, -1, -1]], [[1, -1, -1, -1, -1, -1, -1, -1], [-1, -1, 1, -1, -1, -1, -1, -1]], [[1, -1, -1, -1, -1, -1, -1, -1], [-1, -1, 1, -1, -1, -1, -1, -1]], [[1, -1, -1, -1, -1, -1, -1, -1], [-1, -1, 1, -1, -1, -1, -1, -1]], [[1, -1, -1, -1, -1, -1, -1, -1], [-1, -1, 1, -1, -1, -1, -1, -1]], [[1, -1, -1, -1, -1, -1, -1, -1], [-1, -1, 1, -1, -1, -1, -1, -1]], [[1, -1, -1, -1, -1, -1, -1, -1], [-1, -1, 1, -1, -1, -1, -1, -1]], [[1, -1, -1, -1, -1, -1, -1, -1], [-1, -1, 1, -1, -1, -1, -1, -1]]]
9 40 
 [[[1, -1, -1, -1, -1, -1, -1, -1, -1], [-1, 1, -1, -1, -1, -1, -1, -1, -1], [-1, -1, 1, -1, -1, -1, -1, -1, -1], [-1, -1, -1, 1, -1, -1, -1, -1, -1], [-1, -1, -1, -1, -1, 1, -1, -1, -1]], [[1, -1, -1, -1, -1, -1, -1, -1, -1], [-1, 1, -1, -1, -1, -1, -1, -1, -1], [-1, -1, 1, -1, -1, -1, -1, -1, -1], [-1, -1, -1, 1, -1, -1, -1, -1, -1]], [[1, -1, -1, -1, -1, -1, -1, -1, -1], [-1, 1, -1, -1, -1, -1, -1, -1, -1], [-1, -1, 1, -1, -1, -1, -1, -1, -1], [-1, -1, -1, 1, -1, -1, -1, -1, -1]], [[1, -1, -1, -1, -1, -1, -1, -1, -1], [-1, 1, -1, -1, -1, -1, -1, -1, -1], [-1, -1, 1, -1, -1, -1, -1, -1, -1], [-1, -1, -1, 1, -1, -1, -1, -1, -1]], [[1, -1, -1, -1, -1, -1, -1, -1, -1], [-1, 1, -1, -1, -1, -1, -1, -1, -1], [-1, -1, 1, -1, -1, -1, -1, -1, -1], [-1, -1, -1, 1, -1, -1, -1, -1, -1], [-1, -1, -1, 0, -1, 1, -1, -1, -1]], [[1, -1, -1, -1, -1, -1, -1, -1, -1], [-1, 1, -1, -1, -1, -1, -1, -1, -1], [-1, -1, 1, -1, -1, -1, -1, -1, -1], [-1, -1, -1, 1, -1, -1, -1, -1, -1], [-1, -1, -1, 0, -1, 1, -1, -1, -1]], [[1, -1, -1, -1, -1, -1, -1, -1, -1], [-1, 1, -1, -1, -1, -1, -1, -1, -1], [-1, -1, 1, -1, -1, -1, -1, -1, -1], [-1, -1, -1, 1, -1, -1, -1, -1, -1], [-1, -1, -1, -1, -1, 1, -1, -1, -1]], [[1, -1, -1, -1, -1, -1, -1, -1, -1], [-1, 1, -1, -1, -1, -1, -1, -1, -1], [-1, -1, 1, -1, -1, -1, -1, -1, -1], [-1, -1, -1, 1, -1, -1, -1, -1, -1]], [[1, -1, -1, -1, -1, -1, -1, -1, -1], [-1, 1, -1, -1, -1, -1, -1, -1, -1], [-1, -1, 1, -1, -1, -1, -1, -1, -1], [-1, -1, -1, 1, -1, -1, -1, -1, -1], [-1, -1, -1, 0, -1, 1, -1, -1, -1]], [[1, -1, -1, -1, -1, -1, -1, -1, -1], [-1, 1, -1, -1, -1, -1, -1, -1, -1], [-1, -1, 1, -1, -1, -1, -1, -1, -1], [-1, -1, -1, 1, -1, -1, -1, -1, -1]], [[1, -1, -1, -1, -1, -1, -1, -1, -1], [-1, -1, 1, -1, -1, -1, -1, -1, -1], [-1, -1, -1, 1, -1, -1, -1, -1, -1]], [[1, -1, -1, -1, -1, -1, -1, -1, -1], [-1, -1, 1, -1, -1, -1, -1, -1, -1], [-1, -1, -1, 1, -1, -1, -1, -1, -1]], [[1, -1, -1, -1, -1, -1, -1, -1, -1], [-1, -1, 1, -1, -1, -1, -1, -1, -1]], [[1, -1, -1, -1, -1, -1, -1, -1, -1], [-1, -1, 1, -1, -1, -1, -1, -1, -1], [-1, 1, -1, 0, -1, -1, -1, -1, -1]], [[1, -1, -1, -1, -1, -1, -1, -1, -1], [-1, -1, 1, -1, -1, -1, -1, -1, -1], [-1, 1, -1, 0, -1, -1, -1, -1, -1]], [[1, -1, -1, -1, -1, -1, -1, -1, -1], [-1, -1, 1, -1, -1, -1, -1, -1, -1], [-1, 1, -1, 0, -1, -1, -1, -1, -1]], [[1, -1, -1, -1, -1, -1, -1, -1, -1], [-1, -1, 1, -1, -1, -1, -1, -1, -1], [-1, 1, -1, 0, -1, -1, -1, -1, -1]], [[1, -1, -1, -1, -1, -1, -1, -1, -1], [-1, -1, 1, -1, -1, -1, -1, -1, -1], [-1, 1, -1, 0, -1, -1, -1, -1, -1]], [[1, -1, -1, -1, -1, -1, -1, -1, -1], [-1, -1, 1, -1, -1, -1, -1, -1, -1], [-1, 1, -1, 0, -1, -1, -1, -1, -1]], [[1, -1, -1, -1, -1, -1, -1, -1, -1], [-1, -1, 1, -1, -1, -1, -1, -1, -1]], [[1, -1, -1, -1, -1, -1, -1, -1, -1], [-1, -1, 1, -1, -1, -1, -1, -1, -1]], [[1, -1, -1, -1, -1, -1, -1, -1, -1], [-1, -1, 1, -1, -1, -1, -1, -1, -1], [-1, -1, -1, 0, -1, 1, -1, -1, -1]], [[1, -1, -1, -1, -1, -1, -1, -1, -1], [-1, -1, 1, -1, -1, -1, -1, -1, -1]], [[1, -1, -1, -1, -1, -1, -1, -1, -1], [-1, -1, 1, -1, -1, -1, -1, -1, -1]], [[1, -1, -1, -1, -1, -1, -1, -1, -1], [-1, -1, 1, -1, -1, -1, -1, -1, -1]], [[1, -1, -1, -1, -1, -1, -1, -1, -1], [-1, -1, 1, -1, -1, -1, -1, -1, -1]], [[1, -1, -1, -1, -1, -1, -1, -1, -1], [-1, -1, 1, -1, -1, -1, -1, -1, -1]], [[1, -1, -1, -1, -1, -1, -1, -1, -1], [-1, -1, 1, -1, -1, -1, -1, -1, -1]], [[1, -1, -1, -1, -1, -1, -1, -1, -1], [-1, -1, 1, -1, -1, -1, -1, -1, -1]], [[1, -1, -1, -1, -1, -1, -1, -1, -1], [-1, -1, 1, -1, -1, -1, -1, -1, -1]], [[1, -1, -1, -1, -1, -1, -1, -1, -1], [-1, -1, 1, -1, -1, -1, -1, -1, -1]], [[1, -1, -1, -1, -1, -1, -1, -1, -1], [-1, -1, 1, -1, -1, -1, -1, -1, -1]], [[1, -1, -1, -1, -1, -1, -1, -1, -1], [-1, -1, 1, -1, -1, -1, -1, -1, -1]], [[1, -1, -1, -1, -1, -1, -1, -1, -1], [-1, -1, 1, -1, -1, -1, -1, -1, -1]], [[1, -1, -1, -1, -1, -1, -1, -1, -1], [-1, -1, 1, -1, -1, -1, -1, -1, -1]], [[1, -1, -1, -1, -1, -1, -1, -1, -1], [-1, -1, 1, -1, -1, -1, -1, -1, -1]], [[1, -1, -1, -1, -1, -1, -1, -1, -1], [-1, -1, 1, -1, -1, -1, -1, -1, -1]], [[1, -1, -1, -1, -1, -1, -1, -1, -1], [-1, -1, 1, -1, -1, -1, -1, -1, -1]], [[1, -1, -1, -1, -1, -1, -1, -1, -1], [-1, -1, 1, -1, -1, -1, -1, -1, -1]], [[1, -1, -1, -1, -1, -1, -1, -1, -1], [-1, -1, 1, -1, -1, -1, -1, -1, -1]]]
10 40 
 [[[1, -1, -1, -1, -1, -1, -1, -1, -1, -1], [-1, 1, -1, -1, -1, -1, -1, -1, -1, -1], [-1, -1, 1, -1, -1, -1, -1, -1, -1, -1], [-1, -1, -1, 1, -1, -1, -1, -1, -1, -1], [-1, -1, -1, -1, -1, 1, -1, -1, -1, -1], [-1, -1, -1, -1, -1, -1, -1, -1, -1, 1]], [[1, -1, -1, -1, -1, -1, -1, -1, -1, -1], [-1, 1, -1, -1, -1, -1, -1, -1, -1, -1], [-1, -1, 1, -1, -1, -1, -1, -1, -1, -1], [-1, -1, -1, 1, -1, -1, -1, -1, -1, -1], [-1, -1, -1, -1, -1, -1, -1, -1, -1, 1]], [[1, -1, -1, -1, -1, -1, -1, -1, -1, -1], [-1, 1, -1, -1, -1, -1, -1, -1, -1, -1], [-1, -1, 1, -1, -1, -1, -1, -1, -1, -1], [-1, -1, -1, 1, -1, -1, -1, -1, -1, -1]], [[1, -1, -1, -1, -1, -1, -1, -1, -1, -1], [-1, 1, -1, -1, -1, -1, -1, -1, -1, -1], [-1, -1, 1, -1, -1, -1, -1, -1, -1, -1], [-1, -1, -1, 1, -1, -1, -1, -1, -1, -1]], [[1, -1, -1, -1, -1, -1, -1, -1, -1, -1], [-1, 1, -1, -1, -1, -1, -1, -1, -1, -1], [-1, -1, 1, -1, -1, -1, -1, -1, -1, -1], [-1, -1, -1, 1, -1, -1, -1, -1, -1, -1], [-1, -1, -1, 0, -1, 1, -1, -1, -1, -1], [-1, -1, -1, 0, -1, -1, -1, -1, -1, 1]], [[1, -1, -1, -1, -1, -1, -1, -1, -1, -1], [-1, 1, -1, -1, -1, -1, -1, -1, -1, -1], [-1, -1, 1, -1, -1, -1, -1, -1, -1, -1], [-1, -1, -1, 1, -1, -1, -1, -1, -1, -1], [-1, -1, -1, 0, -1, 1, -1, -1, -1, -1], [-1, -1, -1, 0, -1, -1, -1, -1, -1, 1]], [[1, -1, -1, -1, -1, -1, -1, -1, -1, -1], [-1, 1, -1, -1, -1, -1, -1, -1, -1, -1], [-1, -1, 1, -1, -1, -1, -1, -1, -1, -1], [-1, -1, -1, 1, -1, -1, -1, -1, -1, -1], [-1, -1, -1, 0, -1, -1, -1, -1, -1, 1], [-1, -1, -1, -1, -1, 1, -1, -1, -1, -1]], [[1, -1, -1, -1, -1, -1, -1, -1, -1, -1], [-1, 1, -1, -1, -1, -1, -1, -1, -1, -1], [-1, -1, 1, -1, -1, -1, -1, -1, -1, -1], [-1, -1, -1, 1, -1, -1, -1, -1, -1, -1]], [[1, -1, -1, -1, -1, -1, -1, -1, -1, -1], [-1, 1, -1, -1, -1, -1, -1, -1, -1, -1], [-1, -1, 1, -1, -1, -1, -1, -1, -1, -1], [-1, -1, -1, 1, -1, -1, -1, -1, -1, -1], [-1, -1, -1, 0, -1, 1, -1, -1, -1, -1]], [[1, -1, -1, -1, -1, -1, -1, -1, -1, -1], [-1, 1, -1, -1, -1, -1, -1, -1, -1, -1], [-1, -1, 1, -1, -1, -1, -1, -1, -1, -1], [-1, -1, -1, 1, -1, -1, -1, -1, -1, -1]], [[1, -1, -1, -1, -1, -1, -1, -1, -1, -1], [-1, -1, 1, -1, -1, -1, -1, -1, -1, -1], [-1, -1, -1, 1, -1, -1, -1, -1, -1, -1]], [[1, -1, -1, -1, -1, -1, -1, -1, -1, -1], [-1, -1, 1, -1, -1, -1, -1, -1, -1, -1], [-1, -1, -1, 1, -1, -1, -1, -1, -1, -1]], [[1, -1, -1, -1, -1, -1, -1, -1, -1, -1], [-1, -1, 1, -1, -1, -1, -1, -1, -1, -1]], [[1, -1, -1, -1, -1, -1, -1, -1, -1, -1], [-1, -1, 1, -1, -1, -1, -1, -1, -1, -1], [-1, 1, -1, 0, -1, -1, -1, -1, -1, -1]], [[1, -1, -1, -1, -1, -1, -1, -1, -1, -1], [-1, -1, 1, -1, -1, -1, -1, -1, -1, -1], [-1, 1, -1, 0, -1, -1, -1, -1, -1, -1]], [[1, -1, -1, -1, -1, -1, -1, -1, -1, -1], [-1, -1, 1, -1, -1, -1, -1, -1, -1, -1], [-1, 1, -1, 0, -1, -1, -1, -1, -1, -1]], [[1, -1, -1, -1, -1, -1, -1, -1, -1, -1], [-1, -1, 1, -1, -1, -1, -1, -1, -1, -1], [-1, 1, -1, 0, -1, -1, -1, -1, -1, -1]], [[1, -1, -1, -1, -1, -1, -1, -1, -1, -1], [-1, -1, 1, -1, -1, -1, -1, -1, -1, -1], [-1, 1, -1, 0, -1, -1, -1, -1, -1, -1]], [[1, -1, -1, -1, -1, -1, -1, -1, -1, -1], [-1, -1, 1, -1, -1, -1, -1, -1, -1, -1], [-1, 1, -1, 0, -1, -1, -1, -1, -1, -1]], [[1, -1, -1, -1, -1, -1, -1, -1, -1, -1], [-1, -1, 1, -1, -1, -1, -1, -1, -1, -1]], [[1, -1, -1, -1, -1, -1, -1, -1, -1, -1], [-1, -1, 1, -1, -1, -1, -1, -1, -1, -1]], [[1, -1, -1, -1, -1, -1, -1, -1, -1, -1], [-1, -1, 1, -1, -1, -1, -1, -1, -1, -1], [-1, -1, -1, 0, -1, 1, -1, -1, -1, -1]], [[1, -1, -1, -1, -1, -1, -1, -1, -1, -1], [-1, -1, 1, -1, -1, -1, -1, -1, -1, -1]], [[1, -1, -1, -1, -1, -1, -1, -1, -1, -1], [-1, -1, 1, -1, -1, -1, -1, -1, -1, -1]], [[1, -1, -1, -1, -1, -1, -1, -1, -1, -1], [-1, -1, 1, -1, -1, -1, -1, -1, -1, -1]], [[1, -1, -1, -1, -1, -1, -1, -1, -1, -1], [-1, -1, 1, -1, -1, -1, -1, -1, -1, -1]], [[1, -1, -1, -1, -1, -1, -1, -1, -1, -1], [-1, -1, 1, -1, -1, -1, -1, -1, -1, -1]], [[1, -1, -1, -1, -1, -1, -1, -1, -1, -1], [-1, -1, 1, -1, -1, -1, -1, -1, -1, -1]], [[1, -1, -1, -1, -1, -1, -1, -1, -1, -1], [-1, -1, 1, -1, -1, -1, -1, -1, -1, -1]], [[1, -1, -1, -1, -1, -1, -1, -1, -1, -1], [-1, -1, 1, -1, -1, -1, -1, -1, -1, -1]], [[1, -1, -1, -1, -1, -1, -1, -1, -1, -1], [-1, -1, 1, -1, -1, -1, -1, -1, -1, -1]], [[1, -1, -1, -1, -1, -1, -1, -1, -1, -1], [-1, -1, 1, -1, -1, -1, -1, -1, -1, -1]], [[1, -1, -1, -1, -1, -1, -1, -1, -1, -1], [-1, -1, 1, -1, -1, -1, -1, -1, -1, -1]], [[1, -1, -1, -1, -1, -1, -1, -1, -1, -1], [-1, -1, 1, -1, -1, -1, -1, -1, -1, -1]], [[1, -1, -1, -1, -1, -1, -1, -1, -1, -1], [-1, -1, 1, -1, -1, -1, -1, -1, -1, -1]], [[1, -1, -1, -1, -1, -1, -1, -1, -1, -1], [-1, -1, 1, -1, -1, -1, -1, -1, -1, -1]], [[1, -1, -1, -1, -1, -1, -1, -1, -1, -1], [-1, -1, 1, -1, -1, -1, -1, -1, -1, -1]], [[1, -1, -1, -1, -1, -1, -1, -1, -1, -1], [-1, -1, 1, -1, -1, -1, -1, -1, -1, -1]], [[1, -1, -1, -1, -1, -1, -1, -1, -1, -1], [-1, -1, 1, -1, -1, -1, -1, -1, -1, -1]], [[1, -1, -1, -1, -1, -1, -1, -1, -1, -1], [-1, -1, 1, -1, -1, -1, -1, -1, -1, -1]]]
11 40 
 [[[1, -1, -1, -1, -1, -1, -1, -1, -1, -1, -1], [-1, 1, -1, -1, -1, -1, -1, -1, -1, -1, -1], [-1, -1, 1, -1, -1, -1, -1, -1, -1, -1, -1], [-1, -1, -1, 1, -1, -1, -1, -1, -1, -1, -1], [-1, -1, -1, -1, -1, 1, -1, -1, -1, -1, -1], [-1, -1, -1, -1, -1, -1, -1, -1, -1, 1, -1]], [[1, -1, -1, -1, -1, -1, -1, -1, -1, -1, -1], [-1, 1, -1, -1, -1, -1, -1, -1, -1, -1, -1], [-1, -1, 1, -1, -1, -1, -1, -1, -1, -1, -1], [-1, -1, -1, 1, -1, -1, -1, -1, -1, -1, -1], [-1, -1, -1, -1, -1, -1, -1, -1, -1, 1, -1]], [[1, -1, -1, -1, -1, -1, -1, -1, -1, -1, -1], [-1, 1, -1, -1, -1, -1, -1, -1, -1, -1, -1], [-1, -1, 1, -1, -1, -1, -1, -1, -1, -1, -1], [-1, -1, -1, 1, -1, -1, -1, -1, -1, -1, -1]], [[1, -1, -1, -1, -1, -1, -1, -1, -1, -1, -1], [-1, 1, -1, -1, -1, -1, -1, -1, -1, -1, -1], [-1, -1, 1, -1, -1, -1, -1, -1, -1, -1, -1], [-1, -1, -1, 1, -1, -1, -1, -1, -1, -1, -1]], [[1, -1, -1, -1, -1, -1, -1, -1, -1, -1, -1], [-1, 1, -1, -1, -1, -1, -1, -1, -1, -1, -1], [-1, -1, 1, -1, -1, -1, -1, -1, -1, -1, -1], [-1, -1, -1, 1, -1, -1, -1, -1, -1, -1, -1], [-1, -1, -1, 0, -1, 1, -1, -1, -1, -1, -1], [-1, -1, -1, 0, -1, -1, -1, -1, -1, 1, -1]], [[1, -1, -1, -1, -1, -1, -1, -1, -1, -1, -1], [-1, 1, -1, -1, -1, -1, -1, -1, -1, -1, -1], [-1, -1, 1, -1, -1, -1, -1, -1, -1, -1, -1], [-1, -1, -1, 1, -1, -1, -1, -1, -1, -1, -1], [-1, -1, -1, 0, -1, 1, -1, -1, -1, -1, -1], [-1, -1, -1, 0, -1, -1, -1, -1, -1, 1, -1]], [[1, -1, -1, -1, -1, -1, -1, -1, -1, -1, -1], [-1, 1, -1, -1, -1, -1, -1, -1, -1, -1, -1], [-1, -1, 1, -1, -1, -1, -1, -1, -1, -1, -1], [-1, -1, -1, 1, -1, -1, -1, -1, -1, -1, -1], [-1, -1, -1, 0, -1, -1, -1, -1, -1, 1, -1], [-1, -1, -1, -1, -1, 1, -1, -1, -1, -1, -1]], [[1, -1, -1, -1, -1, -1, -1, -1, -1, -1, -1], [-1, 1, -1, -1, -1, -1, -1, -1, -1, -1, -1], [-1, -1, 1, -1, -1, -1, -1, -1, -1, -1, -1], [-1, -1, -1, 1, -1, -1, -1, -1, -1, -1, -1]], [[1, -1, -1, -1, -1, -1, -1, -1, -1, -1, -1], [-1, 1, -1, -1, -1, -1, -1, -1, -1, -1, -1], [-1, -1, 1, -1, -1, -1, -1, -1, -1, -1, -1], [-1, -1, -1, 1, -1, -1, -1, -1, -1, -1, -1], [-1, -1, -1, 0, -1, 1, -1, -1, -1, -1, -1]], [[1, -1, -1, -1, -1, -1, -1, -1, -1, -1, -1], [-1, 1, -1, -1, -1, -1, -1, -1, -1, -1, -1], [-1, -1, 1, -1, -1, -1, -1, -1, -1, -1, -1], [-1, -1, -1, 1, -1, -1, -1, -1, -1, -1, -1]], [[1, -1, -1, -1, -1, -1, -1, -1, -1, -1, -1], [-1, -1, 1, -1, -1, -1, -1, -1, -1, -1, -1], [-1, -1, -1, 1, -1, -1, -1, -1, -1, -1, -1]], [[1, -1, -1, -1, -1, -1, -1, -1, -1, -1, -1], [-1, -1, 1, -1, -1, -1, -1, -1, -1, -1, -1], [-1, -1, -1, 1, -1, -1, -1, -1, -1, -1, -1]], [[1, -1, -1, -1, -1, -1, -1, -1, -1, -1, -1], [-1, -1, 1, -1, -1, -1, -1, -1, -1, -1, -1]], [[1, -1, -1, -1, -1, -1, -1, -1, -1, -1, -1], [-1, -1, 1, -1, -1, -1, -1, -1, -1, -1, -1], [-1, 1, -1, 0, -1, -1, -1, -1, -1, -1, -1]], [[1, -1, -1, -1, -1, -1, -1, -1, -1, -1, -1], [-1, -1, 1, -1, -1, -1, -1, -1, -1, -1, -1], [-1, 1, -1, 0, -1, -1, -1, -1, -1, -1, -1]], [[1, -1, -1, -1, -1, -1, -1, -1, -1, -1, -1], [-1, -1, 1, -1, -1, -1, -1, -1, -1, -1, -1], [-1, 1, -1, 0, -1, -1, -1, -1, -1, -1, -1]], [[1, -1, -1, -1, -1, -1, -1, -1, -1, -1, -1], [-1, -1, 1, -1, -1, -1, -1, -1, -1, -1, -1], [-1, 1, -1, 0, -1, -1, -1, -1, -1, -1, -1]], [[1, -1, -1, -1, -1, -1, -1, -1, -1, -1, -1], [-1, -1, 1, -1, -1, -1, -1, -1, -1, -1, -1], [-1, 1, -1, 0, -1, -1, -1, -1, -1, -1, -1]], [[1, -1, -1, -1, -1, -1, -1, -1, -1, -1, -1], [-1, -1, 1, -1, -1, -1, -1, -1, -1, -1, -1], [-1, 1, -1, 0, -1, -1, -1, -1, -1, -1, -1]], [[1, -1, -1, -1, -1, -1, -1, -1, -1, -1, -1], [-1, -1, 1, -1, -1, -1, -1, -1, -1, -1, -1]], [[1, -1, -1, -1, -1, -1, -1, -1, -1, -1, -1], [-1, -1, 1, -1, -1, -1, -1, -1, -1, -1, -1]], [[1, -1, -1, -1, -1, -1, -1, -1, -1, -1, -1], [-1, -1, 1, -1, -1, -1, -1, -1, -1, -1, -1], [-1, -1, -1, 0, -1, 1, -1, -1, -1, -1, -1]], [[1, -1, -1, -1, -1, -1, -1, -1, -1, -1, -1], [-1, -1, 1, -1, -1, -1, -1, -1, -1, -1, -1]], [[1, -1, -1, -1, -1, -1, -1, -1, -1, -1, -1], [-1, -1, 1, -1, -1, -1, -1, -1, -1, -1, -1]], [[1, -1, -1, -1, -1, -1, -1, -1, -1, -1, -1], [-1, -1, 1, -1, -1, -1, -1, -1, -1, -1, -1]], [[1, -1, -1, -1, -1, -1, -1, -1, -1, -1, -1], [-1, -1, 1, -1, -1, -1, -1, -1, -1, -1, -1]], [[1, -1, -1, -1, -1, -1, -1, -1, -1, -1, -1], [-1, -1, 1, -1, -1, -1, -1, -1, -1, -1, -1]], [[1, -1, -1, -1, -1, -1, -1, -1, -1, -1, -1], [-1, -1, 1, -1, -1, -1, -1, -1, -1, -1, -1]], [[1, -1, -1, -1, -1, -1, -1, -1, -1, -1, -1], [-1, -1, 1, -1, -1, -1, -1, -1, -1, -1, -1]], [[1, -1, -1, -1, -1, -1, -1, -1, -1, -1, -1], [-1, -1, 1, -1, -1, -1, -1, -1, -1, -1, -1]], [[1, -1, -1, -1, -1, -1, -1, -1, -1, -1, -1], [-1, -1, 1, -1, -1, -1, -1, -1, -1, -1, -1]], [[1, -1, -1, -1, -1, -1, -1, -1, -1, -1, -1], [-1, -1, 1, -1, -1, -1, -1, -1, -1, -1, -1]], [[1, -1, -1, -1, -1, -1, -1, -1, -1, -1, -1], [-1, -1, 1, -1, -1, -1, -1, -1, -1, -1, -1]], [[1, -1, -1, -1, -1, -1, -1, -1, -1, -1, -1], [-1, -1, 1, -1, -1, -1, -1, -1, -1, -1, -1]], [[1, -1, -1, -1, -1, -1, -1, -1, -1, -1, -1], [-1, -1, 1, -1, -1, -1, -1, -1, -1, -1, -1]], [[1, -1, -1, -1, -1, -1, -1, -1, -1, -1, -1], [-1, -1, 1, -1, -1, -1, -1, -1, -1, -1, -1]], [[1, -1, -1, -1, -1, -1, -1, -1, -1, -1, -1], [-1, -1, 1, -1, -1, -1, -1, -1, -1, -1, -1]], [[1, -1, -1, -1, -1, -1, -1, -1, -1, -1, -1], [-1, -1, 1, -1, -1, -1, -1, -1, -1, -1, -1]], [[1, -1, -1, -1, -1, -1, -1, -1, -1, -1, -1], [-1, -1, 1, -1, -1, -1, -1, -1, -1, -1, -1]], [[1, -1, -1, -1, -1, -1, -1, -1, -1, -1, -1], [-1, -1, 1, -1, -1, -1, -1, -1, -1, -1, -1]]]
12 40 
 [[[1, -1, -1, -1, -1, -1, -1, -1, -1, -1, -1, -1], [-1, 1, -1, -1, -1, -1, -1, -1, -1, -1, -1, -1], [-1, -1, 1, -1, -1, -1, -1, -1, -1, -1, -1, -1], [-1, -1, -1, 1, -1, -1, -1, -1, -1, -1, -1, -1], [-1, -1, -1, -1, -1, 1, -1, -1, -1, -1, -1, -1], [-1, -1, -1, -1, -1, -1, -1, -1, -1, 1, -1, -1], [-1, -1, -1, -1, -1, -1, -1, -1, -1, -1, -1, 1]], [[1, -1, -1, -1, -1, -1, -1, -1, -1, -1, -1, -1], [-1, 1, -1, -1, -1, -1, -1, -1, -1, -1, -1, -1], [-1, -1, 1, -1, -1, -1, -1, -1, -1, -1, -1, -1], [-1, -1, -1, 1, -1, -1, -1, -1, -1, -1, -1, -1], [-1, -1, -1, -1, -1, -1, -1, -1, -1, 1, -1, -1], [-1, -1, -1, -1, -1, -1, -1, -1, -1, -1, -1, 1]], [[1, -1, -1, -1, -1, -1, -1, -1, -1, -1, -1, -1], [-1, 1, -1, -1, -1, -1, -1, -1, -1, -1, -1, -1], [-1, -1, 1, -1, -1, -1, -1, -1, -1, -1, -1, -1], [-1, -1, -1, 1, -1, -1, -1, -1, -1, -1, -1, -1], [-1, -1, -1, -1, -1, -1, -1, -1, -1, -1, -1, 1], [-1, -1, -1, 0, -1, -1, -1, -1, -1, 1, -1, 0]], [[1, -1, -1, -1, -1, -1, -1, -1, -1, -1, -1, -1], [-1, 1, -1, -1, -1, -1, -1, -1, -1, -1, -1, -1], [-1, -1, 1, -1, -1, -1, -1, -1, -1, -1, -1, -1], [-1, -1, -1, 1, -1, -1, -1, -1, -1, -1, -1, -1], [-1, -1, -1, -1, -1, -1, -1, -1, -1, -1, -1, 1], [-1, -1, -1, 0, -1, -1, -1, -1, -1, 1, -1, 0]], [[1, -1, -1, -1, -1, -1, -1, -1, -1, -1, -1, -1], [-1, 1, -1, -1, -1, -1, -1, -1, -1, -1, -1, -1], [-1, -1, 1, -1, -1, -1, -1, -1, -1, -1, -1, -1], [-1, -1, -1, 1, -1, -1, -1, -1, -1, -1, -1, -1], [-1, -1, -1, -1, -1, -1, -1, -1, -1, -1, -1, 1], [-1, -1, -1, 0, -1, 1, -1, -1, -1, -1, -1, -1], [-1, -1, -1, 0, -1, -1, -1, -1, -1, 1, -1, -1]], [[1, -1, -1, -1, -1, -1, -1, -1, -1, -1, -1, -1], [-1, 1, -1, -1, -1, -1, -1, -1, -1, -1, -1, -1], [-1, -1, 1, -1, -1, -1, -1, -1, -1, -1, -1, -1], [-1, -1, -1, 1, -1, -1, -1, -1, -1, -1, -1, -1], [-1, -1, -1, -1, -1, -1, -1, -1, -1, -1, -1, 1], [-1, -1, -1, 0, -1, 1, -1, -1, -1, -1, -1, -1], [-1, -1, -1, 0, -1, -1, -1, -1, -1, 1, -1, -1]], [[1, -1, -1, -1, -1, -1, -1, -1, -1, -1, -1, -1], [-1, 1, -1, -1, -1, -1, -1, -1, -1, -1, -1, -1], [-1, -1, 1, -1, -1, -1, -1, -1, -1, -1, -1, -1], [-1, -1, -1, 1, -1, -1, -1, -1, -1, -1, -1, -1], [-1, -1, -1, -1, -1, -1, -1, -1, -1, -1, -1, 1], [-1, -1, -1, 0, -1, -1, -1, -1, -1, 1, -1, -1], [-1, -1, -1, -1, -1, 1, -1, -1, -1, -1, -1, -1]], [[1, -1, -1, -1, -1, -1, -1, -1, -1, -1, -1, -1], [-1, 1, -1, -1, -1, -1, -1, -1, -1, -1, -1, -1], [-1, -1, 1, -1, -1, -1, -1, -1, -1, -1, -1, -1], [-1, -1, -1, 1, -1, -1, -1, -1, -1, -1, -1, -1], [-1, -1, -1, -1, -1, -1, -1, -1, -1, -1, -1, 1]], [[1, -1, -1, -1, -1, -1, -1, -1, -1, -1, -1, -1], [-1, 1, -1, -1, -1, -1, -1, -1, -1, -1, -1, -1], [-1, -1, 1, -1, -1, -1, -1, -1, -1, -1, -1, -1], [-1, -1, -1, 1, -1, -1, -1, -1, -1, -1, -1, -1], [-1, -1, -1, -1, -1, -1, -1, -1, -1, -1, -1, 1], [-1, -1, -1, 0, -1, 1, -1, -1, -1, -1, -1, -1]], [[1, -1, -1, -1, -1, -1, -1, -1, -1, -1, -1, -1], [-1, 1, -1, -1, -1, -1, -1, -1, -1, -1, -1, -1], [-1, -1, 1, -1, -1, -1, -1, -1, -1, -1, -1, -1], [-1, -1, -1, 1, -1, -1, -1, -1, -1, -1, -1, -1], [-1, -1, -1, -1, -1, -1, -1, -1, -1, -1, -1, 1]], [[1, -1, -1, -1, -1, -1, -1, -1, -1, -1, -1, -1], [-1, -1, 1, -1, -1, -1, -1, -1, -1, -1, -1, -1], [-1, -1, -1, 1, -1, -1, -1, -1, -1, -1, -1, -1], [-1, -1, -1, -1, -1, -1, -1, -1, -1, -1, -1, 1]], [[1, -1, -1, -1, -1, -1, -1, -1, -1, -1, -1, -1], [-1, -1, 1, -1, -1, -1, -1, -1, -1, -1, -1, -1], [-1, -1, -1, 1, -1, -1, -1, -1, -1, -1, -1, -1], [-1, -1, -1, -1, -1, -1, -1, -1, -1, -1, -1, 1]], [[1, -1, -1, -1, -1, -1, -1, -1, -1, -1, -1, -1], [-1, -1, 1, -1, -1, -1, -1, -1, -1, -1, -1, -1]], [[1, -1, -1, -1, -1, -1, -1, -1, -1, -1, -1, -1], [-1, -1, 1, -1, -1, -1, -1, -1, -1, -1, -1, -1], [-1, 1, -1, 0, -1, -1, -1, -1, -1, -1, -1, -1]], [[1, -1, -1, -1, -1, -1, -1, -1, -1, -1, -1, -1], [-1, -1, 1, -1, -1, -1, -1, -1, -1, -1, -1, -1], [-1, 1, -1, 0, -1, -1, -1, -1, -1, -1, -1, -1]], [[1, -1, -1, -1, -1, -1, -1, -1, -1, -1, -1, -1], [-1, -1, 1, -1, -1, -1, -1, -1, -1, -1, -1, -1], [-1, 1, -1, 0, -1, -1, -1, -1, -1, -1, -1, -1]], [[1, -1, -1, -1, -1, -1, -1, -1, -1, -1, -1, -1], [-1, -1, 1, -1, -1, -1, -1, -1, -1, -1, -1, -1], [-1, 1, -1, 0, -1, -1, -1, -1, -1, -1, -1, -1]], [[1, -1, -1, -1, -1, -1, -1, -1, -1, -1, -1, -1], [-1, -1, 1, -1, -1, -1, -1, -1, -1, -1, -1, -1], [-1, 1, -1, 0, -1, -1, -1, -1, -1, -1, -1, -1]], [[1, -1, -1, -1, -1, -1, -1, -1, -1, -1, -1, -1], [-1, -1, 1, -1, -1, -1, -1, -1, -1, -1, -1, -1], [-1, 1, -1, 0, -1, -1, -1, -1, -1, -1, -1, -1]], [[1, -1, -1, -1, -1, -1, -1, -1, -1, -1, -1, -1], [-1, -1, 1, -1, -1, -1, -1, -1, -1, -1, -1, -1]], [[1, -1, -1, -1, -1, -1, -1, -1, -1, -1, -1, -1], [-1, -1, 1, -1, -1, -1, -1, -1, -1, -1, -1, -1]], [[1, -1, -1, -1, -1, -1, -1, -1, -1, -1, -1, -1], [-1, -1, 1, -1, -1, -1, -1, -1, -1, -1, -1, -1], [-1, -1, -1, 0, -1, 1, -1, -1, -1, -1, -1, -1]], [[1, -1, -1, -1, -1, -1, -1, -1, -1, -1, -1, -1], [-1, -1, 1, -1, -1, -1, -1, -1, -1, -1, -1, -1]], [[1, -1, -1, -1, -1, -1, -1, -1, -1, -1, -1, -1], [-1, -1, 1, -1, -1, -1, -1, -1, -1, -1, -1, -1]], [[1, -1, -1, -1, -1, -1, -1, -1, -1, -1, -1, -1], [-1, -1, 1, -1, -1, -1, -1, -1, -1, -1, -1, -1]], [[1, -1, -1, -1, -1, -1, -1, -1, -1, -1, -1, -1], [-1, -1, 1, -1, -1, -1, -1, -1, -1, -1, -1, -1]], [[1, -1, -1, -1, -1, -1, -1, -1, -1, -1, -1, -1], [-1, -1, 1, -1, -1, -1, -1, -1, -1, -1, -1, -1]], [[1, -1, -1, -1, -1, -1, -1, -1, -1, -1, -1, -1], [-1, -1, 1, -1, -1, -1, -1, -1, -1, -1, -1, -1]], [[1, -1, -1, -1, -1, -1, -1, -1, -1, -1, -1, -1], [-1, -1, 1, -1, -1, -1, -1, -1, -1, -1, -1, -1]], [[1, -1, -1, -1, -1, -1, -1, -1, -1, -1, -1, -1], [-1, -1, 1, -1, -1, -1, -1, -1, -1, -1, -1, -1]], [[1, -1, -1, -1, -1, -1, -1, -1, -1, -1, -1, -1], [-1, -1, 1, -1, -1, -1, -1, -1, -1, -1, -1, -1]], [[1, -1, -1, -1, -1, -1, -1, -1, -1, -1, -1, -1], [-1, -1, 1, -1, -1, -1, -1, -1, -1, -1, -1, -1]], [[1, -1, -1, -1, -1, -1, -1, -1, -1, -1, -1, -1], [-1, -1, 1, -1, -1, -1, -1, -1, -1, -1, -1, -1]], [[1, -1, -1, -1, -1, -1, -1, -1, -1, -1, -1, -1], [-1, -1, 1, -1, -1, -1, -1, -1, -1, -1, -1, -1]], [[1, -1, -1, -1, -1, -1, -1, -1, -1, -1, -1, -1], [-1, -1, 1, -1, -1, -1, -1, -1, -1, -1, -1, -1]], [[1, -1, -1, -1, -1, -1, -1, -1, -1, -1, -1, -1], [-1, -1, 1, -1, -1, -1, -1, -1, -1, -1, -1, -1]], [[1, -1, -1, -1, -1, -1, -1, -1, -1, -1, -1, -1], [-1, -1, 1, -1, -1, -1, -1, -1, -1, -1, -1, -1]], [[1, -1, -1, -1, -1, -1, -1, -1, -1, -1, -1, -1], [-1, -1, 1, -1, -1, -1, -1, -1, -1, -1, -1, -1]], [[1, -1, -1, -1, -1, -1, -1, -1, -1, -1, -1, -1], [-1, -1, 1, -1, -1, -1, -1, -1, -1, -1, -1, -1]], [[1, -1, -1, -1, -1, -1, -1, -1, -1, -1, -1, -1], [-1, -1, 1, -1, -1, -1, -1, -1, -1, -1, -1, -1]]]
13 40 
 [[[1, -1, -1, -1, -1, -1, -1, -1, -1, -1, -1, -1, -1], [-1, 1, -1, -1, -1, -1, -1, -1, -1, -1, -1, -1, -1], [-1, -1, 1, -1, -1, -1, -1, -1, -1, -1, -1, -1, -1], [-1, -1, -1, 1, -1, -1, -1, -1, -1, -1, -1, -1, -1], [-1, -1, -1, -1, -1, 1, -1, -1, -1, -1, -1, -1, -1], [-1, -1, -1, -1, -1, -1, -1, -1, -1, 1, -1, -1, -1], [-1, -1, -1, -1, -1, -1, -1, -1, -1, -1, -1, 1, -1], [-1, -1, -1, -1, -1, -1, -1, -1, -1, -1, -1, -1, 1]], [[1, -1, -1, -1, -1, -1, -1, -1, -1, -1, -1, -1, -1], [-1, 1, -1, -1, -1, -1, -1, -1, -1, -1, -1, -1, -1], [-1, -1, 1, -1, -1, -1, -1, -1, -1, -1, -1, -1, -1], [-1, -1, -1, 1, -1, -1, -1, -1, -1, -1, -1, -1, -1], [-1, -1, -1, -1, -1, -1, -1, -1, -1, 1, -1, -1, -1], [-1, -1, -1, -1, -1, -1, -1, -1, -1, -1, -1, 1, -1]], [[1, -1, -1, -1, -1, -1, -1, -1, -1, -1, -1, -1, -1], [-1, 1, -1, -1, -1, -1, -1, -1, -1, -1, -1, -1, -1], [-1, -1, 1, -1, -1, -1, -1, -1, -1, -1, -1, -1, -1], [-1, -1, -1, 1, -1, -1, -1, -1, -1, -1, -1, -1, -1], [-1, -1, -1, -1, -1, -1, -1, -1, -1, -1, -1, 1, -1], [-1, -1, -1, 0, -1, -1, -1, -1, -1, 1, -1, 0, -1]], [[1, -1, -1, -1, -1, -1, -1, -1, -1, -1, -1, -1, -1], [-1, 1, -1, -1, -1, -1, -1, -1, -1, -1, -1, -1, -1], [-1, -1, 1, -1, -1, -1, -1, -1, -1, -1, -1, -1, -1], [-1, -1, -1, 1, -1, -1, -1, -1, -1, -1, -1, -1, -1], [-1, -1, -1, -1, -1, -1, -1, -1, -1, -1, -1, 1, -1], [-1, -1, -1, 0, -1, -1, -1, -1, -1, 1, -1, 0, -1]], [[1, -1, -1, -1, -1, -1, -1, -1, -1, -1, -1, -1, -1], [-1, 1, -1, -1, -1, -1, -1, -1, -1, -1, -1, -1, -1], [-1, -1, 1, -1, -1, -1, -1, -1, -1, -1, -1, -1, -1], [-1, -1, -1, 1, -1, -1, -1, -1, -1, -1, -1, -1, -1], [-1, -1, -1, -1, -1, -1, -1, -1, -1, -1, -1, 1, -1], [-1, -1, -1, 0, -1, 1, -1, -1, -1, -1, -1, -1, -1], [-1, -1, -1, 0, -1, -1, -1, -1, -1, 1, -1, -1, -1]], [[1, -1, -1, -1, -1, -1, -1, -1, -1, -1, -1, -1, -1], [-1, 1, -1, -1, -1, -1, -1, -1, -1, -1, -1, -1, -1], [-1, -1, 1, -1, -1, -1, -1, -1, -1, -1, -1, -1, -1], [-1, -1, -1, 1, -1, -1, -1, -1, -1, -1, -1, -1, -1], [-1, -1, -1, -1, -1, -1, -1, -1, -1, -1, -1, 1, -1], [-1, -1, -1, 0, -1, 1, -1, -1, -1, -1, -1, -1, -1], [-1, -1, -1, 0, -1, -1, -1, -1, -1, 1, -1, -1, -1]], [[1, -1, -1, -1, -1, -1, -1, -1, -1, -1, -1, -1, -1], [-1, 1, -1, -1, -1, -1, -1, -1, -1, -1, -1, -1, -1], [-1, -1, 1, -1, -1, -1, -1, -1, -1, -1, -1, -1, -1], [-1, -1, -1, 1, -1, -1, -1, -1, -1, -1, -1, -1, -1], [-1, -1, -1, -1, -1, -1, -1, -1, -1, -1, -1, 1, -1], [-1, -1, -1, 0, -1, -1, -1, -1, -1, 1, -1, -1, -1], [-1, -1, -1, 0, -1, -1, -1, -1, -1, -1, -1, -1, 1], [-1, -1, -1, -1, -1, 1, -1, -1, -1, -1, -1, -1, -1]], [[1, -1, -1, -1, -1, -1, -1, -1, -1, -1, -1, -1, -1], [-1, 1, -1, -1, -1, -1, -1, -1, -1, -1, -1, -1, -1], [-1, -1, 1, -1, -1, -1, -1, -1, -1, -1, -1, -1, -1], [-1, -1, -1, 1, -1, -1, -1, -1, -1, -1, -1, -1, -1], [-1, -1, -1, -1, -1, -1, -1, -1, -1, -1, -1, 1, -1], [-1, -1, -1, 0, -1, -1, -1, -1, -1, -1, -1, -1, 1]], [[1, -1, -1, -1, -1, -1, -1, -1, -1, -1, -1, -1, -1], [-1, 1, -1, -1, -1, -1, -1, -1, -1, -1, -1, -1, -1], [-1, -1, 1, -1, -1, -1, -1, -1, -1, -1, -1, -1, -1], [-1, -1, -1, 1, -1, -1, -1, -1, -1, -1, -1, -1, -1], [-1, -1, -1, -1, -1, -1, -1, -1, -1, -1, -1, 1, -1], [-1, -1, -1, 0, -1, -1, -1, -1, -1, -1, -1, -1, 1], [-1, -1, -1, 0, -1, 1, -1, -1, -1, -1, -1, -1, -1]], [[1, -1, -1, -1, -1, -1, -1, -1, -1, -1, -1, -1, -1], [-1, 1, -1, -1, -1, -1, -1, -1, -1, -1, -1, -1, -1], [-1, -1, 1, -1, -1, -1, -1, -1, -1, -1, -1, -1, -1], [-1, -1, -1, 1, -1, -1, -1, -1, -1, -1, -1, -1, -1], [-1, -1, -1, -1, -1, -1, -1, -1, -1, -1, -1, 1, -1], [-1, -1, -1, 0, -1, -1, -1, -1, -1, -1, -1, -1, 1]], [[1, -1, -1, -1, -1, -1, -1, -1, -1, -1, -1, -1, -1], [-1, -1, 1, -1, -1, -1, -1, -1, -1, -1, -1, -1, -1], [-1, -1, -1, 1, -1, -1, -1, -1, -1, -1, -1, -1, -1], [-1, -1, -1, -1, -1, -1, -1, -1, -1, -1, -1, 1, -1], [-1, -1, -1, 0, -1, -1, -1, -1, -1, -1, -1, -1, 1]], [[1, -1, -1, -1, -1, -1, -1, -1, -1, -1, -1, -1, -1], [-1, -1, 1, -1, -1, -1, -1, -1, -1, -1, -1, -1, -1], [-1, -1, -1, 1, -1, -1, -1, -1, -1, -1, -1, -1, -1], [-1, -1, -1, -1, -1, -1, -1, -1, -1, -1, -1, 1, -1]], [[1, -1, -1, -1, -1, -1, -1, -1, -1, -1, -1, -1, -1], [-1, -1, 1, -1, -1, -1, -1, -1, -1, -1, -1, -1, -1]], [[1, -1, -1, -1, -1, -1, -1, -1, -1, -1, -1, -1, -1], [-1, -1, 1, -1, -1, -1, -1, -1, -1, -1, -1, -1, -1], [-1, 1, -1, 0, -1, -1, -1, -1, -1, -1, -1, -1, -1]], [[1, -1, -1, -1, -1, -1, -1, -1, -1, -1, -1, -1, -1], [-1, -1, 1, -1, -1, -1, -1, -1, -1, -1, -1, -1, -1], [-1, 1, -1, 0, -1, -1, -1, -1, -1, -1, -1, -1, -1]], [[1, -1, -1, -1, -1, -1, -1, -1, -1, -1, -1, -1, -1], [-1, -1, 1, -1, -1, -1, -1, -1, -1, -1, -1, -1, -1], [-1, 1, -1, 0, -1, -1, -1, -1, -1, -1, -1, -1, -1]], [[1, -1, -1, -1, -1, -1, -1, -1, -1, -1, -1, -1, -1], [-1, -1, 1, -1, -1, -1, -1, -1, -1, -1, -1, -1, -1], [-1, 1, -1, 0, -1, -1, -1, -1, -1, -1, -1, -1, -1]], [[1, -1, -1, -1, -1, -1, -1, -1, -1, -1, -1, -1, -1], [-1, -1, 1, -1, -1, -1, -1, -1, -1, -1, -1, -1, -1], [-1, 1, -1, 0, -1, -1, -1, -1, -1, -1, -1, -1, -1]], [[1, -1, -1, -1, -1, -1, -1, -1, -1, -1, -1, -1, -1], [-1, -1, 1, -1, -1, -1, -1, -1, -1, -1, -1, -1, -1], [-1, 1, -1, 0, -1, -1, -1, -1, -1, -1, -1, -1, -1]], [[1, -1, -1, -1, -1, -1, -1, -1, -1, -1, -1, -1, -1], [-1, -1, 1, -1, -1, -1, -1, -1, -1, -1, -1, -1, -1]], [[1, -1, -1, -1, -1, -1, -1, -1, -1, -1, -1, -1, -1], [-1, -1, 1, -1, -1, -1, -1, -1, -1, -1, -1, -1, -1]], [[1, -1, -1, -1, -1, -1, -1, -1, -1, -1, -1, -1, -1], [-1, -1, 1, -1, -1, -1, -1, -1, -1, -1, -1, -1, -1], [-1, -1, -1, 0, -1, 1, -1, -1, -1, -1, -1, -1, -1]], [[1, -1, -1, -1, -1, -1, -1, -1, -1, -1, -1, -1, -1], [-1, -1, 1, -1, -1, -1, -1, -1, -1, -1, -1, -1, -1]], [[1, -1, -1, -1, -1, -1, -1, -1, -1, -1, -1, -1, -1], [-1, -1, 1, -1, -1, -1, -1, -1, -1, -1, -1, -1, -1]], [[1, -1, -1, -1, -1, -1, -1, -1, -1, -1, -1, -1, -1], [-1, -1, 1, -1, -1, -1, -1, -1, -1, -1, -1, -1, -1]], [[1, -1, -1, -1, -1, -1, -1, -1, -1, -1, -1, -1, -1], [-1, -1, 1, -1, -1, -1, -1, -1, -1, -1, -1, -1, -1]], [[1, -1, -1, -1, -1, -1, -1, -1, -1, -1, -1, -1, -1], [-1, -1, 1, -1, -1, -1, -1, -1, -1, -1, -1, -1, -1]], [[1, -1, -1, -1, -1, -1, -1, -1, -1, -1, -1, -1, -1], [-1, -1, 1, -1, -1, -1, -1, -1, -1, -1, -1, -1, -1]], [[1, -1, -1, -1, -1, -1, -1, -1, -1, -1, -1, -1, -1], [-1, -1, 1, -1, -1, -1, -1, -1, -1, -1, -1, -1, -1]], [[1, -1, -1, -1, -1, -1, -1, -1, -1, -1, -1, -1, -1], [-1, -1, 1, -1, -1, -1, -1, -1, -1, -1, -1, -1, -1]], [[1, -1, -1, -1, -1, -1, -1, -1, -1, -1, -1, -1, -1], [-1, -1, 1, -1, -1, -1, -1, -1, -1, -1, -1, -1, -1]], [[1, -1, -1, -1, -1, -1, -1, -1, -1, -1, -1, -1, -1], [-1, -1, 1, -1, -1, -1, -1, -1, -1, -1, -1, -1, -1]], [[1, -1, -1, -1, -1, -1, -1, -1, -1, -1, -1, -1, -1], [-1, -1, 1, -1, -1, -1, -1, -1, -1, -1, -1, -1, -1]], [[1, -1, -1, -1, -1, -1, -1, -1, -1, -1, -1, -1, -1], [-1, -1, 1, -1, -1, -1, -1, -1, -1, -1, -1, -1, -1]], [[1, -1, -1, -1, -1, -1, -1, -1, -1, -1, -1, -1, -1], [-1, -1, 1, -1, -1, -1, -1, -1, -1, -1, -1, -1, -1]], [[1, -1, -1, -1, -1, -1, -1, -1, -1, -1, -1, -1, -1], [-1, -1, 1, -1, -1, -1, -1, -1, -1, -1, -1, -1, -1]], [[1, -1, -1, -1, -1, -1, -1, -1, -1, -1, -1, -1, -1], [-1, -1, 1, -1, -1, -1, -1, -1, -1, -1, -1, -1, -1]], [[1, -1, -1, -1, -1, -1, -1, -1, -1, -1, -1, -1, -1], [-1, -1, 1, -1, -1, -1, -1, -1, -1, -1, -1, -1, -1]], [[1, -1, -1, -1, -1, -1, -1, -1, -1, -1, -1, -1, -1], [-1, -1, 1, -1, -1, -1, -1, -1, -1, -1, -1, -1, -1], [-1, -1, -1, -1, -1, -1, -1, -1, -1, -1, -1, -1, 0]], [[1, -1, -1, -1, -1, -1, -1, -1, -1, -1, -1, -1, -1], [-1, -1, 1, -1, -1, -1, -1, -1, -1, -1, -1, -1, -1], [-1, -1, -1, -1, -1, -1, -1, -1, -1, -1, -1, -1, 0]]]
14 40 
 [[[1, -1, -1, -1, -1, -1, -1, -1, -1, -1, -1, -1, -1, -1], [-1, 1, -1, -1, -1, -1, -1, -1, -1, -1, -1, -1, -1, -1], [-1, -1, 1, -1, -1, -1, -1, -1, -1, -1, -1, -1, -1, -1], [-1, -1, -1, 1, -1, -1, -1, -1, -1, -1, -1, -1, -1, -1], [-1, -1, -1, -1, -1, 1, -1, -1, -1, -1, -1, -1, -1, -1], [-1, -1, -1, -1, -1, -1, -1, -1, -1, 1, -1, -1, -1, -1], [-1, -1, -1, -1, -1, -1, -1, -1, -1, -1, -1, 1, -1, -1], [-1, -1, -1, -1, -1, -1, -1, -1, -1, -1, -1, -1, 1, -1]], [[1, -1, -1, -1, -1, -1, -1, -1, -1, -1, -1, -1, -1, -1], [-1, 1, -1, -1, -1, -1, -1, -1, -1, -1, -1, -1, -1, -1], [-1, -1, 1, -1, -1, -1, -1, -1, -1, -1, -1, -1, -1, -1], [-1, -1, -1, 1, -1, -1, -1, -1, -1, -1, -1, -1, -1, -1], [-1, -1, -1, -1, -1, -1, -1, -1, -1, 1, -1, -1, -1, -1], [-1, -1, -1, -1, -1, -1, -1, -1, -1, -1, -1, 1, -1, -1]], [[1, -1, -1, -1, -1, -1, -1, -1, -1, -1, -1, -1, -1, -1], [-1, 1, -1, -1, -1, -1, -1, -1, -1, -1, -1, -1, -1, -1], [-1, -1, 1, -1, -1, -1, -1, -1, -1, -1, -1, -1, -1, -1], [-1, -1, -1, 1, -1, -1, -1, -1, -1, -1, -1, -1, -1, -1], [-1, -1, -1, -1, -1, -1, -1, -1, -1, -1, -1, 1, -1, -1], [-1, -1, -1, 0, -1, -1, -1, -1, -1, 1, -1, 0, -1, -1]], [[1, -1, -1, -1, -1, -1, -1, -1, -1, -1, -1, -1, -1, -1], [-1, 1, -1, -1, -1, -1, -1, -1, -1, -1, -1, -1, -1, -1], [-1, -1, 1, -1, -1, -1, -1, -1, -1, -1, -1, -1, -1, -1], [-1, -1, -1, 1, -1, -1, -1, -1, -1, -1, -1, -1, -1, -1], [-1, -1, -1, -1, -1, -1, -1, -1, -1, -1, -1, 1, -1, -1], [-1, -1, -1, 0, -1, -1, -1, -1, -1, 1, -1, 0, -1, -1]], [[1, -1, -1, -1, -1, -1, -1, -1, -1, -1, -1, -1, -1, -1], [-1, 1, -1, -1, -1, -1, -1, -1, -1, -1, -1, -1, -1, -1], [-1, -1, 1, -1, -1, -1, -1, -1, -1, -1, -1, -1, -1, -1], [-1, -1, -1, 1, -1, -1, -1, -1, -1, -1, -1, -1, -1, -1], [-1, -1, -1, -1, -1, -1, -1, -1, -1, -1, -1, 1, -1, -1], [-1, -1, -1, 0, -1, 1, -1, -1, -1, -1, -1, -1, -1, -1], [-1, -1, -1, 0, -1, -1, -1, -1, -1, 1, -1, -1, -1, -1]], [[1, -1, -1, -1, -1, -1, -1, -1, -1, -1, -1, -1, -1, -1], [-1, 1, -1, -1, -1, -1, -1, -1, -1, -1, -1, -1, -1, -1], [-1, -1, 1, -1, -1, -1, -1, -1, -1, -1, -1, -1, -1, -1], [-1, -1, -1, 1, -1, -1, -1, -1, -1, -1, -1, -1, -1, -1], [-1, -1, -1, -1, -1, -1, -1, -1, -1, -1, -1, 1, -1, -1], [-1, -1, -1, 0, -1, 1, -1, -1, -1, -1, -1, -1, -1, -1], [-1, -1, -1, 0, -1, -1, -1, -1, -1, 1, -1, -1, -1, -1]], [[1, -1, -1, -1, -1, -1, -1, -1, -1, -1, -1, -1, -1, -1], [-1, 1, -1, -1, -1, -1, -1, -1, -1, -1, -1, -1, -1, -1], [-1, -1, 1, -1, -1, -1, -1, -1, -1, -1, -1, -1, -1, -1], [-1, -1, -1, 1, -1, -1, -1, -1, -1, -1, -1, -1, -1, -1], [-1, -1, -1, -1, -1, -1, -1, -1, -1, -1, -1, 1, -1, -1], [-1, -1, -1, 0, -1, -1, -1, -1, -1, 1, -1, -1, -1, -1], [-1, -1, -1, 0, -1, -1, -1, -1, -1, -1, -1, -1, 1, -1], [-1, -1, -1, -1, -1, 1, -1, -1, -1, -1, -1, -1, -1, -1]], [[1, -1, -1, -1, -1, -1, -1, -1, -1, -1, -1, -1, -1, -1], [-1, 1, -1, -1, -1, -1, -1, -1, -1, -1, -1, -1, -1, -1], [-1, -1, 1, -1, -1, -1, -1, -1, -1, -1, -1, -1, -1, -1], [-1, -1, -1, 1, -1, -1, -1, -1, -1, -1, -1, -1, -1, -1], [-1, -1, -1, -1, -1, -1, -1, -1, -1, -1, -1, 1, -1, -1], [-1, -1, -1, 0, -1, -1, -1, -1, -1, -1, -1, -1, 1, -1]], [[1, -1, -1, -1, -1, -1, -1, -1, -1, -1, -1, -1, -1, -1], [-1, 1, -1, -1, -1, -1, -1, -1, -1, -1, -1, -1, -1, -1], [-1, -1, 1, -1, -1, -1, -1, -1, -1, -1, -1, -1, -1, -1], [-1, -1, -1, 1, -1, -1, -1, -1, -1, -1, -1, -1, -1, -1], [-1, -1, -1, -1, -1, -1, -1, -1, -1, -1, -1, 1, -1, -1], [-1, -1, -1, 0, -1, -1, -1, -1, -1, -1, -1, -1, 1, -1], [-1, -1, -1, 0, -1, 1, -1, -1, -1, -1, -1, -1, -1, -1]], [[1, -1, -1, -1, -1, -1, -1, -1, -1, -1, -1, -1, -1, -1], [-1, 1, -1, -1, -1, -1, -1, -1, -1, -1, -1, -1, -1, -1], [-1, -1, 1, -1, -1, -1, -1, -1, -1, -1, -1, -1, -1, -1], [-1, -1, -1, 1, -1, -1, -1, -1, -1, -1, -1, -1, -1, -1], [-1, -1, -1, -1, -1, -1, -1, -1, -1, -1, -1, 1, -1, -1], [-1, -1, -1, 0, -1, -1, -1, -1, -1, -1, -1, -1, 1, -1]], [[1, -1, -1, -1, -1, -1, -1, -1, -1, -1, -1, -1, -1, -1], [-1, -1, 1, -1, -1, -1, -1, -1, -1, -1, -1, -1, -1, -1], [-1, -1, -1, 1, -1, -1, -1, -1, -1, -1, -1, -1, -1, -1], [-1, -1, -1, -1, -1, -1, -1, -1, -1, -1, -1, 1, -1, -1], [-1, -1, -1, 0, -1, -1, -1, -1, -1, -1, -1, -1, 1, -1]], [[1, -1, -1, -1, -1, -1, -1, -1, -1, -1, -1, -1, -1, -1], [-1, -1, 1, -1, -1, -1, -1, -1, -1, -1, -1, -1, -1, -1], [-1, -1, -1, 1, -1, -1, -1, -1, -1, -1, -1, -1, -1, -1], [-1, -1, -1, -1, -1, -1, -1, -1, -1, -1, -1, 1, -1, -1]], [[1, -1, -1, -1, -1, -1, -1, -1, -1, -1, -1, -1, -1, -1], [-1, -1, 1, -1, -1, -1, -1, -1, -1, -1, -1, -1, -1, -1]], [[1, -1, -1, -1, -1, -1, -1, -1, -1, -1, -1, -1, -1, -1], [-1, -1, 1, -1, -1, -1, -1, -1, -1, -1, -1, -1, -1, -1], [-1, 1, -1, 0, -1, -1, -1, -1, -1, -1, -1, -1, -1, -1]], [[1, -1, -1, -1, -1, -1, -1, -1, -1, -1, -1, -1, -1, -1], [-1, -1, 1, -1, -1, -1, -1, -1, -1, -1, -1, -1, -1, -1], [-1, 1, -1, 0, -1, -1, -1, -1, -1, -1, -1, -1, -1, -1]], [[1, -1, -1, -1, -1, -1, -1, -1, -1, -1, -1, -1, -1, -1], [-1, -1, 1, -1, -1, -1, -1, -1, -1, -1, -1, -1, -1, -1], [-1, 1, -1, 0, -1, -1, -1, -1, -1, -1, -1, -1, -1, -1]], [[1, -1, -1, -1, -1, -1, -1, -1, -1, -1, -1, -1, -1, -1], [-1, -1, 1, -1, -1, -1, -1, -1, -1, -1, -1, -1, -1, -1], [-1, 1, -1, 0, -1, -1, -1, -1, -1, -1, -1, -1, -1, -1]], [[1, -1, -1, -1, -1, -1, -1, -1, -1, -1, -1, -1, -1, -1], [-1, -1, 1, -1, -1, -1, -1, -1, -1, -1, -1, -1, -1, -1], [-1, 1, -1, 0, -1, -1, -1, -1, -1, -1, -1, -1, -1, -1]], [[1, -1, -1, -1, -1, -1, -1, -1, -1, -1, -1, -1, -1, -1], [-1, -1, 1, -1, -1, -1, -1, -1, -1, -1, -1, -1, -1, -1], [-1, 1, -1, 0, -1, -1, -1, -1, -1, -1, -1, -1, -1, -1]], [[1, -1, -1, -1, -1, -1, -1, -1, -1, -1, -1, -1, -1, -1], [-1, -1, 1, -1, -1, -1, -1, -1, -1, -1, -1, -1, -1, -1]], [[1, -1, -1, -1, -1, -1, -1, -1, -1, -1, -1, -1, -1, -1], [-1, -1, 1, -1, -1, -1, -1, -1, -1, -1, -1, -1, -1, -1]], [[1, -1, -1, -1, -1, -1, -1, -1, -1, -1, -1, -1, -1, -1], [-1, -1, 1, -1, -1, -1, -1, -1, -1, -1, -1, -1, -1, -1], [-1, -1, -1, 0, -1, 1, -1, -1, -1, -1, -1, -1, -1, -1]], [[1, -1, -1, -1, -1, -1, -1, -1, -1, -1, -1, -1, -1, -1], [-1, -1, 1, -1, -1, -1, -1, -1, -1, -1, -1, -1, -1, -1]], [[1, -1, -1, -1, -1, -1, -1, -1, -1, -1, -1, -1, -1, -1], [-1, -1, 1, -1, -1, -1, -1, -1, -1, -1, -1, -1, -1, -1]], [[1, -1, -1, -1, -1, -1, -1, -1, -1, -1, -1, -1, -1, -1], [-1, -1, 1, -1, -1, -1, -1, -1, -1, -1, -1, -1, -1, -1]], [[1, -1, -1, -1, -1, -1, -1, -1, -1, -1, -1, -1, -1, -1], [-1, -1, 1, -1, -1, -1, -1, -1, -1, -1, -1, -1, -1, -1]], [[1, -1, -1, -1, -1, -1, -1, -1, -1, -1, -1, -1, -1, -1], [-1, -1, 1, -1, -1, -1, -1, -1, -1, -1, -1, -1, -1, -1]], [[1, -1, -1, -1, -1, -1, -1, -1, -1, -1, -1, -1, -1, -1], [-1, -1, 1, -1, -1, -1, -1, -1, -1, -1, -1, -1, -1, -1]], [[1, -1, -1, -1, -1, -1, -1, -1, -1, -1, -1, -1, -1, -1], [-1, -1, 1, -1, -1, -1, -1, -1, -1, -1, -1, -1, -1, -1]], [[1, -1, -1, -1, -1, -1, -1, -1, -1, -1, -1, -1, -1, -1], [-1, -1, 1, -1, -1, -1, -1, -1, -1, -1, -1, -1, -1, -1]], [[1, -1, -1, -1, -1, -1, -1, -1, -1, -1, -1, -1, -1, -1], [-1, -1, 1, -1, -1, -1, -1, -1, -1, -1, -1, -1, -1, -1]], [[1, -1, -1, -1, -1, -1, -1, -1, -1, -1, -1, -1, -1, -1], [-1, -1, 1, -1, -1, -1, -1, -1, -1, -1, -1, -1, -1, -1]], [[1, -1, -1, -1, -1, -1, -1, -1, -1, -1, -1, -1, -1, -1], [-1, -1, 1, -1, -1, -1, -1, -1, -1, -1, -1, -1, -1, -1]], [[1, -1, -1, -1, -1, -1, -1, -1, -1, -1, -1, -1, -1, -1], [-1, -1, 1, -1, -1, -1, -1, -1, -1, -1, -1, -1, -1, -1]], [[1, -1, -1, -1, -1, -1, -1, -1, -1, -1, -1, -1, -1, -1], [-1, -1, 1, -1, -1, -1, -1, -1, -1, -1, -1, -1, -1, -1]], [[1, -1, -1, -1, -1, -1, -1, -1, -1, -1, -1, -1, -1, -1], [-1, -1, 1, -1, -1, -1, -1, -1, -1, -1, -1, -1, -1, -1]], [[1, -1, -1, -1, -1, -1, -1, -1, -1, -1, -1, -1, -1, -1], [-1, -1, 1, -1, -1, -1, -1, -1, -1, -1, -1, -1, -1, -1]], [[1, -1, -1, -1, -1, -1, -1, -1, -1, -1, -1, -1, -1, -1], [-1, -1, 1, -1, -1, -1, -1, -1, -1, -1, -1, -1, -1, -1]], [[1, -1, -1, -1, -1, -1, -1, -1, -1, -1, -1, -1, -1, -1], [-1, -1, 1, -1, -1, -1, -1, -1, -1, -1, -1, -1, -1, -1], [-1, -1, -1, -1, -1, -1, -1, -1, -1, -1, -1, -1, 0, -1]], [[1, -1, -1, -1, -1, -1, -1, -1, -1, -1, -1, -1, -1, -1], [-1, -1, 1, -1, -1, -1, -1, -1, -1, -1, -1, -1, -1, -1], [-1, -1, -1, -1, -1, -1, -1, -1, -1, -1, -1, -1, 0, -1]]]
