school_C, sex_C, age_C, address_C, famsize_C, Pstatus_C, Medu_C, Fedu_C, Mjob_C, Fjob_C, reason_C, guardian_C, traveltime_C, studytime_C, failures_C, schoolsup_C, famsup_C, paid_C, activities_C, nursery_C, higher_C, internet_C, romantic_C, famrel_C, freetime_C, goout_C, Dalc_C, Walc_C, health_C, absences_C, G1_C, G2_C, G3_C

group [-1, -1, -1, -1, -1, -1, 1, -1, -1, -1, -1, -1, -1, -1, -1, -1] size 59
[ 1.18210763e+00  1.26196072e-01  1.49886929e+00  1.14699391e+00
  3.73514317e-01 -7.77098087e-01  4.28961359e+00  9.20951073e-01
 -1.00195540e+00 -3.63381845e-01  7.18384665e-03  5.66339531e-02
 -2.15227184e-01  5.45670792e+00  8.17604407e+00  3.31284986e+01]
group [-1, -1, -1, -1, -1, -1, -1, -1, 3, -1, -1, -1, -1, -1, -1, -1] size 59
[-4.09191102e-01  1.08222692e+00 -4.00108844e-02  1.27166716e+00
  4.00193911e-02 -5.21473716e-01  2.65665999e+00  3.58516187e-01
 -6.28886902e-01 -3.63381845e-01  2.24361750e-02 -3.58356220e-01
 -2.15227184e-01  2.23605400e+00  6.23306781e+00  3.31284986e+01]
group [-1, -1, -1, -1, -1, -1, -1, -1, -1, -1, -1, -1, -1, 1, -1, -1] size 184
[-1.00592813e+00  3.47018416e-01  2.09220795e-01  4.07762839e-01
  5.86619645e-02 -2.49178191e-01  6.99144181e-01  1.54265167e-01
 -2.47225467e-01 -3.08885747e-01 -2.46490889e-03  1.19917301e-01
  2.52657999e-01  1.46585762e+01  1.29637910e+01  5.69099114e+01]
group [-1, -1, -1, -1, -1, -1, -1, -1, -1, -1, -1, -1, -1, -1, 1, -1] size 163
[-1.20135384e+00  4.23562724e-01  3.99938907e-01  2.88813617e-01
  1.01398825e-01 -1.64697371e-01  7.57272094e-01  2.08905145e-01
 -1.72333016e-01 -3.20968368e-01 -8.57377355e-03 -8.62388818e-02
  3.12937685e-01  1.23270599e+01  1.28391871e+01  5.42796067e+01]
group [-1, -1, -1, -1, -1, -1, -1, -1, -1, -1, -1, -1, -1, -1, -1, 1] size 140
[-6.70618751e-01  2.09507332e-01  2.85352352e-01  4.20326961e-01
  1.68653148e-01 -1.50818379e-01  6.02970894e-01  1.92051942e-01
 -1.27274730e-01 -2.31153950e-01 -3.47099415e-03  7.40705150e-02
  3.99707628e-01  1.17501286e+01  1.18565962e+01  5.15076934e+01]
group [0, -1, -1, -1, -1, -1, -1, 1, -1, -1, -1, -1, -1, -1, -1, -1] size 67
[-2.68247500e+00  6.02784587e-01  6.26071577e-01  2.85445921e-01
  1.64457796e-01 -2.29604099e-01  2.47502727e+00  1.31032907e+00
 -7.22750619e-01 -9.65010240e-01  7.02449396e-03  4.33367789e-01
 -2.15227184e-01  4.52965402e+00  5.65307490e+00  2.18358093e+01]
group [-1, 1, -1, -1, -1, -1, 2, -1, -1, -1, -1, -1, -1, -1, -1, -1] size 60
[-1.78831667e+00  2.70747937e+00 -6.05292867e-02  2.45190727e-01
 -6.55873354e-02 -4.02182343e-01  1.99570258e+00  3.03474482e-01
 -6.98763224e-01 -4.15756063e-01  9.59879863e-03  1.63229468e-01
  1.43484790e-01  1.08582046e+00  2.90410184e+00  1.68680166e+01]
group [-1, 1, -1, -1, -1, -1, 3, -1, -1, -1, -1, -1, -1, -1, -1, -1] size 53
[-0.91102925  2.70747937  0.441978    0.19430209  0.12092113  0.8024676
 -0.29820843  0.02600751 -0.54978163 -0.35745269 -0.02789651 -0.28696501
  1.40912892  1.85408966  3.7548566  19.11291768]
group [-1, 1, -1, -1, -1, -1, -1, -1, 4, -1, -1, -1, -1, -1, -1, -1] size 74
[-1.05124020e+00  2.70747937e+00 -5.34948020e-01 -7.95213169e-02
  9.11638638e-03  3.17941447e-01  7.86749478e-01  2.29503056e-01
 -1.67703174e+00 -8.86480604e-01 -2.06001244e-02 -5.15379529e-01
  1.23901055e+00  4.38730160e+00  5.09353850e+00  2.34214689e+01]
group [-1, 1, -1, -1, -1, -1, -1, -1, -1, -1, 2, -1, -1, -1, -1, -1] size 72
[-4.47079167e-01  2.70747937e+00 -5.14498937e-01 -4.08651212e-02
 -1.09312226e-02 -6.70303905e-02  9.76186574e-01  4.58520635e-02
 -2.21275021e-01  7.58473898e-02  6.20922287e-02  4.31277859e-01
 -2.15227184e-01  7.08799469e-01  4.87838159e+00  2.01311745e+01]
group [-1, 1, -1, -1, -1, -1, -1, -1, -1, -1, -1, 3, -1, -1, -1, -1] size 52
[-1.39282356e+00  2.70747937e+00  1.52254437e+00  8.48737132e-02
  8.21643542e-02 -3.24839585e-01  9.36974420e-01  2.46750280e-01
 -4.27320587e-01  9.20540971e-02 -7.12987687e-03 -7.48935207e-01
  1.98671247e-01 -1.00229581e+00  2.25743948e+00  1.15388355e+01]
group [-1, 1, -1, -1, -1, -1, -1, -1, -1, -1, -1, 5, -1, -1, -1, -1] size 63
[-0.97931627  2.70747937 -0.11817623  0.28021797 -0.18382301  0.05266674
  0.53925114 -0.08076446 -0.12977031  0.07919163  0.01352688  2.13158482
  0.80966417  0.87037989  2.28543353  7.04268378]
group [-1, 1, -1, -1, -1, -1, -1, -1, -1, -1, -1, -1, -1, -1, -1, 2] size 87
[-1.29498793e+00  2.70747937e+00  1.89936727e-01 -2.02916464e-01
  1.33113213e-01  2.21893707e-01  2.55494226e-01 -4.90957750e-02
 -9.87906628e-02  1.17016152e-01  5.20279710e-03 -1.19856121e-01
  2.79547952e-01 -9.99079633e+00 -7.71616169e+00 -3.88566810e+01]
group [-1, -1, -1, 0, -1, -1, -1, 1, -1, -1, -1, -1, -1, -1, -1, -1] size 57
[-1.27064605e+00  4.31455046e-01  9.58911331e-01 -1.47114436e+00
  3.11663127e-01 -2.43426155e-01  2.59936337e+00  1.31032907e+00
 -6.65663914e-01 -8.14952852e-01  1.31509856e-02  3.37576733e-01
 -2.15227184e-01  4.18136126e+00  6.00127416e+00  1.98008954e+01]
group [-1, -1, -1, 1, 1, -1, -1, -1, -1, -1, -1, -1, -1, -1, -1, -1] size 68
[ 1.06510037e+00 -2.98619049e-02  8.65212745e-01  5.88457745e+00
 -6.74612592e-01 -4.61326805e-01  9.16215044e-01  1.46648746e-01
 -4.28506271e-01 -1.34839804e-01  1.18044049e-02  2.25358331e-01
  7.34304511e-01  3.08181396e+00  6.77024360e+00  2.89165998e+01]
group [-1, -1, -1, 1, -1, -1, -1, -1, -1, 4, -1, -1, -1, -1, -1, -1] size 53
[ 1.36654387e+00 -2.72450755e-01  9.93593951e-02  5.88457745e+00
  6.78855439e-02 -3.35784315e-01  1.21663846e+00  2.98925843e-01
 -6.68439537e-01 -1.82033736e+00  6.06150550e-03 -1.51091428e-01
  1.90861843e-01  1.34191019e+00  4.18744376e+00  2.25228941e+01]
group [-1, -1, -1, -1, 0, -1, -1, -1, -1, -1, -1, -1, -1, -1, -1, 2] size 50
[-1.07299000e+00 -1.12811641e-01 -5.44763580e-01 -2.94228872e-01
  2.13627321e+00  6.03273515e-01  6.19355972e-01 -3.40345213e-02
  2.09628967e-02 -5.73069168e-01 -2.69966212e-03  1.44026001e-01
 -2.15227184e-01 -1.19440251e+01 -7.79522072e+00 -3.88566810e+01]
group [-1, -1, -1, -1, 1, -1, -1, 1, -1, -1, -1, -1, -1, -1, -1, -1] size 56
[-5.26914733e-01  7.93710471e-01  1.97152534e+00  1.02454697e+00
 -6.74612592e-01 -3.66273205e-01  2.61014303e+00  1.31032907e+00
 -8.90923111e-01 -7.36803216e-01  5.84926792e-03  3.05540874e-01
 -2.15227184e-01  7.87219835e+00  9.15447139e+00  3.53711980e+01]
group [-1, -1, -1, -1, 1, -1, -1, -1, -1, -1, -1, 3, -1, -1, -1, -1] size 66
[-8.53514774e-01  3.14505180e-01  6.54816829e-01  2.00610595e-01
 -6.74612592e-01 -3.33628535e-01  6.40209709e-01  1.37169434e-01
 -4.38315113e-01 -2.62529013e-01 -1.99065994e-03 -7.48935207e-01
  1.10874610e-01  1.49711609e+00  3.11253020e+00  1.45404493e+01]
group [-1, -1, -1, -1, -1, 0, 2, -1, -1, -1, -1, -1, -1, -1, -1, -1] size 96
[-1.84420157e+00  3.57236862e-01 -5.14498937e-01  3.67786090e-01
  5.73889184e-02 -9.04910272e-01  1.99570258e+00  4.06287098e-01
 -7.27150480e-01 -4.85985128e-01  2.24971843e-04  2.11238135e-01
  8.96779935e-03 -3.28008265e-01  2.09209968e+00  1.29145752e+01]
group [-1, -1, -1, -1, -1, -1, 2, 2, -1, -1, -1, -1, -1, -1, -1, -1] size 51
[-1.89351177  0.38488677 -0.91506039  0.11538387  0.31746475 -0.31346565
  1.99570258  0.45946604 -0.71109434 -0.69667232 -0.0173096   0.18299774
 -0.21522718  0.819688    2.49950561 16.07068384]
group [-1, -1, -1, -1, -1, -1, 2, -1, -1, 4, -1, -1, -1, -1, -1, -1] size 63
[-2.04379048e+00  1.11020980e-01 -4.06410925e-01  3.96975463e-01
 -4.99713031e-02 -3.06424642e-01  1.99570258e+00  5.94523662e-01
 -1.12800349e+00 -1.82033736e+00  6.71344547e-04  3.71267026e-01
  1.26403267e-01  1.73214217e+00  4.10504621e+00  1.85175250e+01]
group [-1, -1, -1, -1, -1, -1, -1, 1, -1, 4, -1, -1, -1, -1, -1, -1] size 57
[-1.03534123e+00  3.32497467e-01  3.21760945e-01  7.22667406e-01
  2.13035555e-01 -2.43426155e-01  2.55911932e+00  1.31032907e+00
 -9.96657020e-01 -1.82033736e+00  6.83598653e-03  4.89183050e-01
 -2.15227184e-01  6.08630944e+00  8.41465518e+00  3.40689545e+01]
group [-1, -1, -1, -1, -1, -1, -1, 2, -1, -1, -1, -1, -1, -1, 2, -1] size 52
[-8.76962982e-01 -1.12811641e-01 -5.72700174e-01  2.26329902e-01
  4.06497331e-01 -4.69857257e-01  1.06931544e+00  4.59466038e-01
 -4.07163956e-01 -6.21041021e-01 -3.66877159e-03  1.37378647e-01
 -2.15227184e-01 -1.40530225e+01 -1.00879327e+01 -3.88566810e+01]
group [-1, -1, -1, -1, -1, -1, -1, 2, -1, -1, -1, -1, -1, -1, -1, 2] size 54
[-1.19221111e+00  9.60988049e-02 -2.62293576e-01  1.63460485e-01
  3.14402782e-01 -6.25616978e-01  1.27354541e+00  4.59466038e-01
 -5.12426365e-01 -6.34246486e-01 -4.56609518e-03 -1.08819645e-01
 -2.15227184e-01 -1.19842407e+01 -8.38962753e+00 -3.88566810e+01]
group [-1, -1, -1, -1, -1, -1, -1, 4, -1, -1, -1, -1, -1, -1, -1, 2] size 51
[-1.10454853e+00 -5.75118168e-02 -1.27111502e+00 -2.88459679e-02
  9.70031178e-02  4.25840128e-01 -1.69254650e+00 -1.24226003e+00
  6.24776530e-01  8.56629344e-01  3.35252158e-04  6.63084414e-01
 -2.15227184e-01 -9.29334572e+00 -9.18882996e+00 -3.88566810e+01]
group [-1, -1, -1, -1, -1, -1, -1, -1, 4, -1, -1, -1, -1, -1, 2, -1] size 61
[-1.36322500e+00 -4.36451593e-01 -8.03749545e-02 -2.65288328e-01
 -7.55713560e-02 -2.86802163e-01  6.41919031e-01  4.10088085e-02
 -1.67703174e+00 -4.11150878e-01 -2.05203825e-02  6.61102957e-03
  4.90435715e-01 -8.92686823e+00 -1.00879327e+01 -3.73752978e+01]
group [-1, -1, -1, -1, -1, -1, -1, -1, 4, -1, -1, -1, -1, -1, -1, 2] size 65
[-1.65075385e+00 -3.29757103e-01 -1.53651266e-01 -2.26329902e-01
 -6.91910351e-02  2.32028275e-02  6.54646911e-01  4.05796216e-02
 -1.67703174e+00 -6.01592972e-01 -1.68209716e-02 -8.41998162e-02
  4.47010306e-01 -7.47545626e+00 -7.61885826e+00 -3.88566810e+01]
group [-1, -1, -1, -1, -1, -1, -1, -1, -1, 4, -1, -1, -1, -1, -1, 2] size 93
[-1.52872231e+00 -3.85743029e-01 -2.94836203e-01 -4.74562697e-02
  2.62349341e-01 -9.40587738e-02  1.45774345e-01 -7.13627060e-03
 -4.03479410e-01 -1.82033736e+00 -1.43498169e-02  1.49291468e-01
  1.61998956e-02 -9.27617589e+00 -7.12959466e+00 -3.88566810e+01]
group [-1, -1, -1, -1, -1, -1, -1, -1, -1, -1, 2, -1, -1, -1, 2, -1] size 56
[-1.00592813e+00 -1.20869615e-02 -6.22586949e-01  4.99138266e-01
  2.79080805e-01 -3.66273205e-01  1.93343928e-01 -1.48293272e-01
  1.01071109e-01  4.57492193e-02  6.20922287e-02  5.11292305e-01
 -2.15227184e-01 -1.05479702e+01 -1.00879327e+01 -3.72430314e+01]
group [-1, -1, -1, -1, -1, -1, -1, -1, -1, -1, 2, -1, -1, -1, -1, 2] size 58
[-1.29498793e+00  2.76194017e-01 -6.44949986e-01  5.07291159e-02
  1.49267729e-01 -2.54831054e-01  4.13694985e-01 -1.42006106e-01
 -1.22885946e-01 -1.85985937e-02  6.20922287e-02  4.43004114e-01
 -2.15227184e-01 -7.80667471e+00 -7.32086652e+00 -3.88566810e+01]
group [-1, 1, -1, 0, -1, -1, -1, -1, -1, 4, -1, -1, -1, -1, -1, -1] size 86
[-2.05864361e+00  2.70747937e+00  2.06925701e-01 -1.47114436e+00
  4.44512173e-02  1.47310975e-01  5.55339851e-01  2.51697158e-01
 -7.14201017e-01 -1.82033736e+00 -8.01527589e-03 -3.13507761e-01
  3.50369835e-02  2.97969336e+00  4.30816576e+00  1.78837401e+01]
group [-1, 1, -1, -1, 1, -1, -1, -1, -1, 4, -1, -1, -1, -1, -1, -1] size 83
[-1.38971597e+00  2.70747937e+00  2.60348860e-01  2.12695570e-01
 -6.74612592e-01 -1.78074712e-01  8.62565814e-01  2.95444248e-01
 -6.92028157e-01 -1.82033736e+00 -6.21247547e-03 -2.28359298e-01
  4.40826763e-02  4.19283685e+00  6.48588882e+00  2.97331454e+01]
group [-1, 1, -1, -1, 1, -1, -1, -1, -1, -1, -1, -1, -1, 2, -1, -1] size 57
[-8.00036405e-01  2.70747937e+00  6.40336138e-01  7.74286506e-02
 -6.74612592e-01 -1.11129332e-01 -3.38452484e-01 -1.52558249e-01
 -4.04547130e-02  3.38282316e-01  3.67848698e-03 -2.43580816e-01
  5.39955919e-01 -1.24869353e+01 -6.46786115e+00 -2.61739618e+01]
group [-1, 1, -1, -1, 1, -1, -1, -1, -1, -1, -1, -1, -1, -1, 2, -1] size 58
[-1.06374009e+00  2.70747937e+00  6.07380084e-01 -7.60936739e-02
 -6.74612592e-01 -1.24815210e-01 -1.00457482e-01 -1.12666002e-01
 -1.04814484e-01  4.17305946e-01  4.68562045e-03 -1.28133477e-01
  5.26935520e-01 -1.06148311e+01 -1.00879327e+01 -3.72986745e+01]
group [-1, 1, -1, -1, -1, 0, -1, -1, -1, -1, -1, -1, -1, 2, -1, -1] size 67
[-1.08099739e+00  2.70747937e+00  6.26071577e-01 -4.39147571e-02
 -3.35628155e-03 -9.04910272e-01  9.92886855e-03 -6.12113406e-02
  2.81591150e-02  2.92823754e-01  8.36760944e-03 -2.76014008e-01
  4.27242023e-01 -1.24869353e+01 -6.66597452e+00 -2.80669049e+01]
group [-1, 1, -1, -1, -1, 0, -1, -1, -1, -1, -1, -1, -1, -1, 2, -1] size 72
[-1.19221111e+00  2.70747937e+00 -1.00882144e-02 -2.45190727e-01
  1.06189019e-01 -9.04910272e-01  2.11549571e-01 -4.86882736e-02
 -4.65842150e-02  3.09944272e-01  9.59879863e-03 -2.68848536e-01
  3.82626105e-01 -1.21099143e+01 -1.00879327e+01 -3.88566810e+01]
group [-1, 1, -1, -1, -1, -1, -1, -1, -1, -1, -1, -1, -1, 2, 2, -1] size 65
[-8.25376924e-01  2.70747937e+00  4.05080611e-01 -1.96765681e-15
  6.05421557e-02  2.32028275e-02  1.94100162e-02 -6.41419825e-02
 -4.83759155e-02  3.05982633e-01  3.94566001e-03 -1.50673355e-01
  4.47010306e-01 -1.24869353e+01 -1.00879327e+01 -3.88566810e+01]
group [-1, -1, -1, 0, 0, -1, -1, -1, -1, 4, -1, -1, -1, -1, -1, -1] size 50
[-2.4142275  -0.45124656 -0.54476358 -1.47114436  2.13627321  0.45245514
  0.29820843  0.23824165 -0.18866607 -1.82033736 -0.01349831  0.288052
  0.21522718 -0.54291023  1.83416958  2.71093123]
group [-1, -1, -1, 0, -1, 0, -1, -1, -1, -1, -1, 3, -1, -1, -1, -1] size 62
[-0.95184597  0.43305114  1.07195414 -1.47114436  0.05077729 -0.90491027
  0.66375425  0.11637611 -0.13862561 -0.16202525 -0.01483363 -0.74893521
 -0.21522718  0.2101588   2.48500395 13.61295575]
group [-1, -1, -1, -1, 1, -1, -1, -1, -1, 4, 2, -1, -1, -1, -1, -1] size 59
[-0.86384788 -0.0650101   0.26776515  0.64830091 -0.67461259 -0.13803716
  0.82930715  0.22872352 -0.5222959  -1.82033736  0.06209223  0.17868989
 -0.21522718  3.61633425  6.62166306 23.93890122]
group [-1, -1, -1, -1, 1, -1, -1, -1, -1, 4, -1, -1, -1, -1, 2, -1] size 57
[-1.50595088e+00 -4.59163169e-01  3.18575193e-03 -5.16191004e-02
 -6.74612592e-01 -6.40316625e-01 -9.69881672e-02  2.65708105e-02
 -4.45001843e-01 -1.82033736e+00 -1.68452601e-02 -1.42509938e-01
  1.62364367e-01 -1.05819871e+01 -1.00879327e+01 -3.88566810e+01]
group [-1, -1, -1, -1, -1, 0, -1, 2, -1, 4, -1, -1, -1, -1, -1, -1] size 63
[-1.40510595e+00 -1.57578165e-01 -6.94645623e-01  5.13732952e-01
  1.73114872e-01 -9.04910272e-01  8.30541430e-01  4.59466038e-01
 -6.78798561e-01 -1.82033736e+00 -6.47061872e-03  1.88376865e-01
 -2.15227184e-01 -1.71490692e+00  1.55758845e+00  8.47703893e+00]
group [-1, -1, -1, -1, -1, 0, -1, -1, -1, 4, 2, -1, -1, -1, -1, -1] size 72
[-1.00592813 -0.66120156 -0.26229358  0.46994889  0.06714894 -0.90491027
  0.9443267   0.34129062 -0.38140826 -1.82033736  0.06209223  0.39127064
 -0.21522718  4.10198841  6.78897491 26.40647829]
group [-1, -1, -1, -1, -1, 0, -1, -1, -1, 4, -1, 3, -1, -1, -1, -1] size 51
[-1.36753628e+00 -1.68111464e-01  8.65212745e-01  8.36533068e-01
  1.52118526e-01 -9.04910272e-01  6.46343161e-01  3.09313738e-01
 -5.67231323e-01 -1.82033736e+00 -4.95820297e-03 -7.48935207e-01
  2.06786903e-01  2.87423064e-01  4.29771108e+00  1.07551324e+01]
group [-1, -1, -1, 0, 1, 0, -1, -1, -1, -1, 2, -1, -1, -1, -1, -1] size 65
[-1.65075385e+00  3.64468377e-01 -4.33017205e-01 -1.47114436e+00
 -6.74612592e-01 -9.04910272e-01  1.95864709e-01 -1.17811805e-02
 -3.22506104e-02 -8.29783410e-02  6.20922287e-02  3.36799265e-01
 -2.15227184e-01  2.54750185e+00  4.37378900e+00  1.39717225e+01]
group [-1, -1, -1, 0, -1, 0, -1, -1, 4, 4, -1, -1, -1, -1, -1, -1] size 72
[-2.30990903e+00  1.22212611e-01 -7.66704298e-01 -1.47114436e+00
  2.81088580e-02 -9.04910272e-01  1.03990632e+00  3.41290617e-01
 -1.67703174e+00 -1.82033736e+00 -3.03961957e-02 -8.80158897e-03
  8.36994606e-02  2.21688344e+00  4.55994938e+00  1.51109315e+01]
group [-1, -1, -1, -1, 1, 0, -1, -1, 4, 4, -1, -1, -1, -1, -1, -1] size 73
[-1.02889452e+00 -7.41775171e-02 -2.73625543e-02  4.43358575e-01
 -6.74612592e-01 -9.04910272e-01  1.08442286e+00  3.89532090e-01
 -1.67703174e+00 -1.82033736e+00 -1.92674515e-02  7.89183569e-04
  7.96045750e-02  3.50288656e+00  5.61557399e+00  2.05609898e+01]