school_C, sex_C, age_C, address_C, famsize_C,
Pstatus_C, Medu_C, Fedu_C, Mjob_C, Fjob_C,
reason_C, health_C, absences_C, G1_C, G2_C, G3_C

group [-1, -1, -1, -1, -1, -1, 1, -1, -1, -1, -1, -1, -1, -1, -1, -1] size 2
[ 4.02371251e+00 -1.12811641e-01 -1.27111502e+00 -1.47114436e+00
  7.30830308e-01 -9.04910272e-01  4.28961359e+00  1.73576059e+00
 -1.15295932e+00 -1.34839804e-01  1.70978601e-02 -2.88052003e-02
 -2.15227184e-01 -2.60596911e+01 -2.15514926e+01 -1.29221055e+02]
group [-1, -1, -1, -1, -1, -1, -1, -1, 3, -1, -1, -1, -1, -1, -1, -1] size 2
[ 4.02371251e+00  2.70747937e+00 -1.27111502e+00 -1.47114436e+00
  7.30830308e-01 -9.04910272e-01  3.14265808e+00  8.84897555e-01
 -6.28886902e-01  7.07908972e-01  1.07086597e-01 -7.48935207e-01
 -2.15227184e-01 -3.96324469e+01 -3.30150525e+01 -1.29221055e+02]
group [-1, -1, -1, -1, -1, -1, -1, -1, -1, -1, -1, -1, -1, 1, -1, -1] size 0

group [-1, -1, -1, -1, -1, -1, -1, -1, -1, -1, -1, -1, -1, -1, 1, -1] size 0

group [-1, -1, -1, -1, -1, -1, -1, -1, -1, -1, -1, -1, -1, -1, -1, 1] size 0

group [0, -1, -1, -1, -1, -1, -1, 1, -1, -1, -1, -1, -1, -1, -1, -1] size 3
[-2.68247500e+00  8.27285364e-01 -1.27111502e+00  3.43267018e+00
  1.19931128e+00 -9.04910272e-01  4.66428572e-01  1.31032907e+00
 -9.78268514e-01 -1.82033736e+00  2.09973720e-03 -2.68848536e-01
 -2.15227184e-01 -3.96324469e+01 -3.30150525e+01 -1.29221055e+02]
group [-1, 1, -1, -1, -1, -1, 2, -1, -1, -1, -1, -1, -1, -1, -1, -1] size 3
[-2.68247500e+00  2.70747937e+00 -1.27111502e+00 -1.47114436e+00
 -6.74612592e-01 -9.04910272e-01  1.99570258e+00 -3.91396995e-01
  6.98763224e-02  2.11249027e+00  9.20884744e-02 -2.68848536e-01
 -2.15227184e-01 -3.96324469e+01 -3.30150525e+01 -1.29221055e+02]
group [-1, 1, -1, -1, -1, -1, 3, -1, -1, -1, -1, -1, -1, -1, -1, -1] size 4
[-2.68247500e+00  2.70747937e+00 -1.27111502e+00  2.20671654e+00
  1.43355176e+00 -9.04910272e-01 -2.98208431e-01  6.72181796e-01
  1.57221725e-01  2.86534584e-01 -5.03936928e-02 -7.48935207e-01
 -2.15227184e-01 -3.96324469e+01 -2.72832725e+01 -1.29221055e+02]
group [-1, 1, -1, -1, -1, -1, -1, -1, 4, -1, -1, -1, -1, -1, -1, -1] size 2
[ 4.02371251e+00  2.70747937e+00 -1.27111502e+00  5.88457745e+00
  2.13627321e+00 -9.04910272e-01 -1.44516394e+00  3.40345213e-02
 -1.67703174e+00 -1.82033736e+00 -2.78965085e-02 -2.18919522e+00
 -2.15227184e-01 -3.96324469e+01 -3.30150525e+01 -1.29221055e+02]
group [-1, 1, -1, -1, -1, -1, -1, -1, -1, -1, 2, -1, -1, -1, -1, -1] size 2
[ 4.02371251e+00  2.70747937e+00 -1.27111502e+00 -1.47114436e+00
  7.30830308e-01 -9.04910272e-01  8.48747073e-01  8.84897555e-01
 -1.04814484e-01 -1.34839804e-01  6.20922287e-02  1.41145481e+00
 -2.15227184e-01 -2.60596911e+01 -3.30150525e+01 -1.29221055e+02]
group [-1, 1, -1, -1, -1, -1, -1, -1, -1, -1, -1, 3, -1, -1, -1, -1] size 4
[-2.68247500e+00  2.70747937e+00 -1.27111502e+00  2.20671654e+00
  7.30830308e-01 -9.04910272e-01 -2.98208431e-01  6.72181796e-01
  1.57221725e-01  7.07908972e-01 -5.39932423e-03 -7.48935207e-01
 -2.15227184e-01 -3.28460690e+01 -2.72832725e+01 -1.29221055e+02]
group [-1, 1, -1, -1, -1, -1, -1, -1, -1, -1, -1, 5, -1, -1, -1, -1] size 4
[-2.68247500e+00  2.70747937e+00 -1.27111502e+00 -1.47114436e+00
 -6.74612592e-01 -9.04910272e-01 -8.71686183e-01  3.40345213e-02
  9.43330353e-01  1.12928336e+00 -2.78965085e-02  2.13158482e+00
 -2.15227184e-01 -2.60596911e+01 -2.72832725e+01 -1.06629962e+02]
group [-1, 1, -1, -1, -1, -1, -1, -1, -1, -1, -1, -1, -1, -1, -1, 2] size 2
[-2.68247500e+00  2.70747937e+00 -1.27111502e+00 -1.47114436e+00
 -6.74612592e-01  2.86554919e+00 -2.59211944e+00  3.40345213e-02
  9.43330353e-01  1.55065775e+00 -7.28908771e-02 -7.48935207e-01
 -2.15227184e-01 -1.24869353e+01 -1.00879327e+01 -3.88566810e+01]
group [-1, -1, -1, 0, -1, -1, -1, 1, -1, -1, -1, -1, -1, -1, -1, -1] size 3
[ 6.25910834e+00 -1.05290865e+00 -1.27111502e+00 -1.47114436e+00
  1.19931128e+00 -9.04910272e-01  1.99570258e+00  1.31032907e+00
 -6.28886902e-01  4.26992713e-01  6.20922287e-02 -2.68848536e-01
 -2.15227184e-01 -3.05839430e+01 -3.30150525e+01 -1.29221055e+02]
group [-1, -1, -1, 1, 1, -1, -1, -1, -1, -1, -1, -1, -1, -1, -1, -1] size 4
[-2.68247500e+00 -2.93310265e+00 -1.27111502e+00  5.88457745e+00
 -6.74612592e-01  9.80319461e-01 -2.59211944e+00 -8.16828512e-01
  1.46740277e+00  2.81478091e+00  3.95950444e-02  1.41145481e+00
 -2.15227184e-01 -3.28460690e+01 -2.72832725e+01 -1.06629962e+02]
group [-1, -1, -1, 1, -1, -1, -1, -1, -1, 4, -1, -1, -1, -1, -1, -1] size 4
[ 6.70618751e-01  1.29733387e+00 -1.27111502e+00  5.88457745e+00
  2.13627321e+00  9.80319461e-01 -8.71686183e-01  3.40345213e-02
 -1.15295932e+00 -1.82033736e+00 -2.78965085e-02 -2.18919522e+00
 -2.15227184e-01 -3.96324469e+01 -3.30150525e+01 -1.29221055e+02]
group [-1, -1, -1, -1, 0, -1, -1, -1, -1, -1, -1, -1, -1, -1, -1, 2] size 1
[-2.68247500e+00 -2.93310265e+00 -1.27111502e+00 -1.47114436e+00
  2.13627321e+00 -9.04910272e-01 -2.59211944e+00 -3.91396995e-01
  4.19257935e-01 -1.82033736e+00 -2.78965085e-02  2.13158482e+00
 -2.15227184e-01 -1.24869353e+01 -1.00879327e+01 -3.88566810e+01]
group [-1, -1, -1, -1, 1, -1, -1, 1, -1, -1, -1, -1, -1, -1, -1, -1] size 1
[-2.68247500e+00 -2.93310265e+00 -1.27111502e+00 -1.47114436e+00
 -6.74612592e-01 -9.04910272e-01  1.99570258e+00  1.31032907e+00
 -1.67703174e+00 -1.82033736e+00  6.20922287e-02  6.91324806e-01
 -2.15227184e-01 -3.96324469e+01 -3.30150525e+01 -1.29221055e+02]
group [-1, -1, -1, -1, 1, -1, -1, -1, -1, -1, -1, 3, -1, -1, -1, -1] size 4
[-2.68247500e+00 -1.12811641e-01 -1.27111502e+00 -1.47114436e+00
 -6.74612592e-01  9.80319461e-01  1.42222483e+00  6.72181796e-01
 -3.66850693e-01  7.07908972e-01 -2.78965085e-02 -7.48935207e-01
 -2.15227184e-01 -1.92733132e+01 -2.15514926e+01 -1.29221055e+02]
group [-1, -1, -1, -1, -1, 0, 2, -1, -1, -1, -1, -1, -1, -1, -1, -1] size 4
[-2.68247500e+00  1.29733387e+00 -1.27111502e+00 -1.47114436e+00
 -6.74612592e-01 -9.04910272e-01  1.99570258e+00  3.40345213e-02
 -3.66850693e-01  1.12928336e+00  8.45894129e-02 -2.88052003e-02
 -2.15227184e-01 -3.96324469e+01 -3.30150525e+01 -1.29221055e+02]
group [-1, -1, -1, -1, -1, -1, 2, 2, -1, -1, -1, -1, -1, -1, -1, -1] size 2
[-2.68247500e+00 -1.12811641e-01 -1.27111502e+00 -1.47114436e+00
 -6.74612592e-01  2.86554919e+00  1.99570258e+00  4.59466038e-01
 -1.15295932e+00 -9.77588580e-01  1.70978601e-02 -1.46906521e+00
 -2.15227184e-01 -2.60596911e+01 -3.30150525e+01 -1.29221055e+02]
group [-1, -1, -1, -1, -1, -1, 2, -1, -1, 4, -1, -1, -1, -1, -1, -1] size 2
[-2.68247500e+00 -2.93310265e+00 -1.27111502e+00 -1.47114436e+00
 -6.74612592e-01  2.86554919e+00  1.99570258e+00  8.84897555e-01
 -1.67703174e+00 -1.82033736e+00 -2.78965085e-02 -2.88052003e-02
 -2.15227184e-01 -2.60596911e+01 -3.30150525e+01 -1.29221055e+02]
group [-1, -1, -1, -1, -1, -1, -1, 1, -1, 4, -1, -1, -1, -1, -1, -1] size 3
[-2.68247500e+00  8.27285364e-01 -1.27111502e+00  3.43267018e+00
  1.19931128e+00 -9.04910272e-01  4.66428572e-01  1.31032907e+00
 -9.78268514e-01 -1.82033736e+00  2.09973720e-03 -2.68848536e-01
 -2.15227184e-01 -3.96324469e+01 -3.30150525e+01 -1.29221055e+02]
group [-1, -1, -1, -1, -1, -1, -1, 2, -1, -1, -1, -1, -1, -1, 2, -1] size 4
[-2.68247500e+00 -1.12811641e-01 -1.27111502e+00 -1.47114436e+00
  2.81088580e-02 -9.04910272e-01 -2.01864169e+00  4.59466038e-01
  9.43330353e-01 -1.34839804e-01 -7.28908771e-02  1.41145481e+00
 -2.15227184e-01 -1.24869353e+01 -1.00879327e+01 -8.40388682e+01]
group [-1, -1, -1, -1, -1, -1, -1, 2, -1, -1, -1, -1, -1, -1, -1, 2] size 3
[-2.68247500e+00 -1.05290865e+00 -1.27111502e+00 -1.47114436e+00
 -6.74612592e-01 -9.04910272e-01 -1.82748244e+00  4.59466038e-01
  4.19257935e-01  4.26992713e-01 -2.78965085e-02  2.11238135e-01
 -2.15227184e-01 -1.24869353e+01 -1.77303060e+01 -3.88566810e+01]
group [-1, -1, -1, -1, -1, -1, -1, 4, -1, -1, -1, -1, -1, -1, -1, 2] size 4
[-2.68247500e+00 -2.93310265e+00 -1.27111502e+00  3.67786090e-01
 -6.74612592e-01  9.80319461e-01 -2.01864169e+00 -1.24226003e+00
  1.57221725e-01  2.39340652e+00 -5.39932423e-03  2.13158482e+00
 -2.15227184e-01 -1.24869353e+01 -1.58197126e+01 -3.88566810e+01]
group [-1, -1, -1, -1, -1, -1, -1, -1, 4, -1, -1, -1, -1, -1, 2, -1] size 4
[-2.68247500e+00 -2.93310265e+00 -1.27111502e+00 -1.47114436e+00
 -6.74612592e-01 -9.04910272e-01  8.48747073e-
group [-1, -1, -1, -1, -1, -1, -1, -1, 4, -1, -1, -1, -1, -1, 2, -1] size 4
[-2.68247500e+00 -2.93310265e+00 -1.27111502e+00 -1.47114436e+00
 -6.74612592e-01 -9.04910272e-01  8.48747073e-01  2.46750280e-01
 -1.67703174e+00 -9.77588580e-01 -7.28908771e-02  1.41145481e+00
 -2.15227184e-01 -1.24869353e+01 -1.00879327e+01 -8.40388682e+01]
group [-1, -1, -1, -1, -1, -1, -1, -1, 4, -1, -1, -1, -1, -1, -1, 2] size 3
[ -2.682475    -2.93310265  -1.27111502   0.98076291  -0.67461259
   1.60872937  -1.06284543  -0.67501801  -1.67703174   0.42699271
  -0.087889     2.13158482  -0.21522718 -12.48693532 -17.73030595
 -38.85668099]
group [-1, -1, -1, -1, -1, -1, -1, -1, -1, 4, -1, -1, -1, -1, -1, 2] size 4
[-2.68247500e+00 -2.93310265e+00 -1.27111502e+00 -1.47114436e+00
  2.81088580e-02 -9.04910272e-01 -1.44516394e+00 -3.91396995e-01
 -1.04814484e-01 -1.82033736e+00 -7.28908771e-02  6.91324806e-01
 -2.15227184e-01 -1.24869353e+01 -1.00879327e+01 -3.88566810e+01]
group [-1, -1, -1, -1, -1, -1, -1, -1, -1, -1, 2, -1, -1, -1, 2, -1] size 3
[-2.68247500e+00 -2.93310265e+00 -1.27111502e+00  9.80762908e-01
  2.62349341e-01 -9.04910272e-01 -2.59211944e+00 -3.91396995e-01
  2.51554761e+00  1.55065775e+00  6.20922287e-02  1.65149815e+00
 -2.15227184e-01 -2.15354392e+01 -1.00879327e+01 -1.29221055e+02]
group [-1, -1, -1, -1, -1, -1, -1, -1, -1, -1, 2, -1, -1, -1, -1, 2] size 0

group [-1, 1, -1, 0, -1, -1, -1, -1, -1, 4, -1, -1, -1, -1, -1, -1] size 4
[-2.68247500e+00  2.70747937e+00 -1.27111502e+00 -1.47114436e+00
 -6.74612592e-01 -9.04910272e-01 -2.59211944e+00 -1.78681237e-01
  6.81294144e-01 -1.82033736e+00 -5.03936928e-02 -1.46906521e+00
 -2.15227184e-01 -3.28460690e+01 -3.30150525e+01 -1.29221055e+02]
group [-1, 1, -1, -1, 1, -1, -1, -1, -1, 4, -1, -1, -1, -1, -1, -1] size 4
[-2.68247500e+00  2.70747937e+00 -1.27111502e+00 -1.47114436e+00
 -6.74612592e-01 -9.04910272e-01 -2.59211944e+00 -1.78681237e-01
  6.81294144e-01 -1.82033736e+00 -5.03936928e-02 -1.46906521e+00
 -2.15227184e-01 -3.28460690e+01 -3.30150525e+01 -1.29221055e+02]
group [-1, 1, -1, -1, 1, -1, -1, -1, -1, -1, -1, -1, -1, 2, -1, -1] size 4
[-2.68247500e+00  2.70747937e+00 -1.27111502e+00 -1.47114436e+00
 -6.74612592e-01  9.80319461e-01 -2.59211944e+00  2.46750280e-01
  9.43330353e-01  7.07908972e-01 -5.03936928e-02 -2.88052003e-02
 -2.15227184e-01 -1.24869353e+01 -1.58197126e+01 -8.40388682e+01]
group [-1, 1, -1, -1, 1, -1, -1, -1, -1, -1, -1, -1, -1, -1, 2, -1] size 3
[ -2.682475     2.70747937  -1.27111502  -1.47114436  -0.67461259
   1.60872937  -2.59211944   0.17584503   1.11802116   1.55065775
  -0.087889    -0.74893521  -0.21522718 -12.48693532 -10.0879327
 -68.97813912]
group [-1, 1, -1, -1, -1, 0, -1, -1, -1, -1, -1, -1, -1, 2, -1, -1] size 4
[-2.68247500e+00  2.70747937e+00 -1.27111502e+00 -1.47114436e+00
  2.81088580e-02 -9.04910272e-01 -2.59211944e+00  3.40345213e-02
  1.20536656e+00  1.12928336e+00 -5.39932423e-03  1.05138981e+00
 -2.15227184e-01 -1.24869353e+01 -1.58197126e+01 -1.06629962e+02]
group [-1, 1, -1, -1, -1, 0, -1, -1, -1, -1, -1, -1, -1, -1, 2, -1] size 4
[-2.68247500e+00  2.70747937e+00 -1.27111502e+00 -1.47114436e+00
  7.30830308e-01 -9.04910272e-01 -2.01864169e+00 -1.78681237e-01
  1.20536656e+00  1.97203214e+00 -5.03936928e-02 -3.88870204e-01
 -2.15227184e-01 -1.92733132e+01 -1.00879327e+01 -1.06629962e+02]
group [-1, 1, -1, -1, -1, -1, -1, -1, -1, -1, -1, -1, -1, 2, 2, -1] size 4
[-2.68247500e+00  2.70747937e+00 -1.27111502e+00 -1.47114436e+00
  2.81088580e-02  9.80319461e-01 -2.59211944e+00 -1.78681237e-01
  1.20536656e+00  1.97203214e+00 -2.78965085e-02 -3.88870204e-01
 -2.15227184e-01 -1.24869353e+01 -1.00879327e+01 -8.40388682e+01]
group [-1, -1, -1, 0, 0, -1, -1, -1, -1, 4, -1, -1, -1, -1, -1, -1] size 4
[-2.68247500e+00 -2.93310265e+00 -1.27111502e+00 -1.47114436e+00
  2.13627321e+00  9.80319461e-01 -2.01864169e+00  2.46750280e-01
  1.46740277e+00 -1.82033736e+00 -5.39932423e-03 -2.88052003e-02
 -2.15227184e-01 -2.60596911e+01 -2.15514926e+01 -1.06629962e+02]
group [-1, -1, -1, 0, -1, 0, -1, -1, -1, -1, -1, 3, -1, -1, -1, -1] size 4
[-2.68247500e+00 -1.12811641e-01 -1.27111502e+00 -1.47114436e+00
  2.81088580e-02 -9.04910272e-01  2.75269321e-01  6.72181796e-01
  6.81294144e-01  7.07908972e-01  1.70978601e-02 -7.48935207e-01
 -2.15227184e-01 -2.60596911e+01 -2.15514926e+01 -1.29221055e+02]
group [-1, -1, -1, -1, 1, -1, -1, -1, -1, 4, 2, -1, -1, -1, -1, -1] size 4
[-2.68247500e+00 -1.52295715e+00  3.26858148e+00 -1.47114436e+00
 -6.74612592e-01  2.86554919e+00 -2.98208431e-01  2.46750280e-01
 -1.04814484e-01 -1.82033736e+00  6.20922287e-02  3.31259803e-01
 -2.15227184e-01 -3.28460690e+01 -3.30150525e+01 -1.29221055e+02]
group [-1, -1, -1, -1, 1, -1, -1, -1, -1, 4, -1, -1, -1, -1, 2, -1] size 4
[-2.68247500e+00 -2.93310265e+00 -1.27111502e+00 -1.47114436e+00
 -6.74612592e-01 -9.04910272e-01  2.75269321e-01  2.46750280e-01
 -6.28886902e-01 -1.82033736e+00 -7.28908771e-02 -2.88052003e-02
 -2.15227184e-01 -1.24869353e+01 -1.00879327e+01 -6.14477746e+01]
group [-1, -1, -1, -1, -1, 0, -1, 2, -1, 4, -1, -1, -1, -1, -1, -1] size 4
[-2.68247500e+00 -1.52295715e+00 -1.27111502e+00 -1.47114436e+00
  7.30830308e-01 -9.04910272e-01 -2.01864169e+00  4.59466038e-01
  9.43330353e-01 -1.82033736e+00  1.70978601e-02  1.41145481e+00
 -2.15227184e-01 -1.92733132e+01 -2.15514926e+01 -1.06629962e+02]
group [-1, -1, -1, -1, -1, 0, -1, -1, -1, 4, 2, -1, -1, -1, -1, -1] size 4
[-2.68247500e+00 -1.52295715e+00 -1.27111502e+00 -1.47114436e+00
  7.30830308e-01 -9.04910272e-01 -1.44516394e+00  6.72181796e-01
  9.43330353e-01 -1.82033736e+00  6.20922287e-02  1.05138981e+00
 -2.15227184e-01 -2.60596911e+01 -2.72832725e+01 -1.29221055e+02]
group [-1, -1, -1, -1, -1, 0, -1, -1, -1, 4, -1, 3, -1, -1, -1, -1] size 4
[-2.68247500e+00 -1.12811641e-01 -1.27111502e+00  2.20671654e+00
  1.43355176e+00 -9.04910272e-01  2.75269321e-01  1.31032907e+00
 -1.04814484e-01 -1.82033736e+00 -5.39932423e-03 -7.48935207e-01
 -2.15227184e-01 -3.28460690e+01 -2.72832725e+01 -1.29221055e+02]
group [-1, -1, -1, 0, 1, 0, -1, -1, -1, -1, 2, -1, -1, -1, -1, -1] size 4
[-2.68247500e+00 -1.52295715e+00 -1.27111502e+00 -1.47114436e+00
 -6.74612592e-01 -9.04910272e-01 -1.44516394e+00 -1.78681237e-01
  4.19257935e-01  1.55065775e+00  6.20922287e-02  1.77151982e+00
 -2.15227184e-01 -2.60596911e+01 -2.72832725e+01 -1.29221055e+02]
group [-1, -1, -1, 0, -1, 0, -1, -1, 4, 4, -1, -1, -1, -1, -1, -1] size 4
[-2.68247500e+00 -2.93310265e+00 -1.27111502e+00 -1.47114436e+00
 -6.74612592e-01 -9.04910272e-01  1.42222483e+00  6.72181796e-01
 -1.67703174e+00 -1.82033736e+00 -5.03936928e-02  1.05138981e+00
 -2.15227184e-01 -1.92733132e+01 -1.58197126e+01 -8.40388682e+01]
group [-1, -1, -1, -1, 1, 0, -1, -1, 4, 4, -1, -1, -1, -1, -1, -1] size 4
[-2.68247500e+00 -2.93310265e+00 -1.27111502e+00 -1.47114436e+00
 -6.74612592e-01 -9.04910272e-01  1.42222483e+00  6.72181796e-01
 -1.67703174e+00 -1.82033736e+00 -5.03936928e-02  1.05138981e+00
 -2.15227184e-01 -1.92733132e+01 -1.58197126e+01 -8.40388682e+01]