execution time
6000 0.4709649085998535 42.13621282577515
8000 0.9645488262176514 85.60001111030579
10000 1.7334153652191162 139.82681798934937
12000 2.9704530239105225 204.9610631465912
14000 4.316438913345337 272.7486960887909
16000 7.007469892501831 315.9257297515869
18000 8.509432077407837 380.4954421520233
20000 9.719266176223755 445.9874839782715


number of calculations
6000 15379.0 1306799.0
8000 18574.0 1306799.0
10000 23370.0 1306799.0
12000 28812.0 1306799.0
14000 33882.0 1306799.0
16000 40108.0 1306799.0
18000 45058.0 1306799.0
20000 49467.0 1306799.0


number of patterns found
6000 5 
 [[-1, 1, -1, -1, -1, 1, 5, -1], [-1, 1, 1, -1, -1, -1, 5, -1], [-1, 1, 0, 1, -1, -1, -1, 0], [0, -1, -1, -1, -1, 1, 5, -1], [0, 1, -1, -1, 0, 1, 4, -1]]
8000 8 
 [[-1, -1, -1, -1, -1, -1, -1, 4], [-1, 1, -1, -1, -1, 1, 5, 0], [1, 1, -1, -1, -1, -1, 5, -1], [0, -1, -1, -1, -1, 1, 6, 0], [0, -1, -1, -1, 0, 1, 6, -1], [0, 1, -1, -1, -1, 1, 6, -1], [0, 1, -1, -1, -1, 1, 5, -1], [0, 1, 1, 0, -1, -1, 5, -1]]
10000 8 
 [[-1, -1, -1, -1, -1, 0, -1, 8], [-1, -1, 3, -1, -1, -1, 4, -1], [-1, -1, 3, 5, -1, -1, -1, -1], [-1, 0, -1, -1, -1, -1, -1, 4], [-1, 0, -1, -1, 3, -1, -1, -1], [-1, 0, -1, 5, -1, -1, -1, -1], [1, 1, -1, -1, -1, 0, 5, -1], [0, -1, 2, -1, 1, -1, -1, -1]]
12000 16 
 [[-1, -1, -1, -1, 3, -1, 1, -1], [-1, -1, -1, -1, 1, -1, 2, -1], [-1, -1, -1, 5, 1, -1, -1, -1], [-1, -1, -1, 1, 3, -1, -1, -1], [-1, -1, 3, -1, -1, -1, 4, -1], [-1, -1, 1, -1, 3, 1, -1, -1], [-1, -1, 1, 4, -1, 1, -1, -1], [-1, 3, -1, -1, -1, -1, 10, -1], [-1, 2, -1, -1, 0, -1, 5, -1], [-1, 0, -1, -1, -1, -1, 3, -1], [-1, 0, -1, 1, -1, -1, -1, -1], [1, -1, 0, -1, -1, -1, 8, -1], [0, -1, 1, -1, 3, -1, -1, -1], [0, -1, 1, 4, -1, -1, -1, -1], [0, 3, -1, -1, 3, -1, -1, -1], [0, 1, 1, -1, -1, -1, 6, -1]]
14000 11 
 [[-1, -1, -1, -1, 3, 0, 5, -1], [-1, -1, -1, 4, -1, -1, -1, 1], [-1, -1, -1, 3, 2, 1, -1, -1], [-1, -1, 2, -1, -1, 1, 7, -1], [-1, 1, -1, -1, -1, 0, -1, 1], [-1, 0, -1, 5, -1, 1, -1, -1], [1, 2, -1, -1, -1, -1, -1, 7], [1, 1, -1, -1, -1, -1, -1, 8], [1, 0, -1, 5, -1, -1, -1, -1], [0, -1, 2, -1, -1, -1, -1, 4], [0, -1, 2, -1, -1, -1, 7, -1]]
16000 21 
 [[-1, -1, -1, -1, 4, -1, 3, -1], [-1, -1, 3, -1, -1, 1, -1, 6], [-1, -1, 1, -1, -1, 0, -1, 9], [-1, 3, -1, -1, -1, 1, -1, 7], [-1, 3, 2, 0, -1, -1, -1, -1], [-1, 1, -1, -1, -1, 1, -1, 5], [-1, 1, -1, -1, -1, 1, -1, 2], [-1, 0, -1, -1, -1, 0, -1, 5], [-1, 0, -1, -1, -1, 0, -1, 1], [1, -1, -1, 1, 2, -1, -1, -1], [1, -1, 1, -1, -1, -1, -1, 9], [1, -1, 1, -1, -1, -1, -1, 5], [1, 3, -1, 4, -1, 1, -1, -1], [1, 0, -1, -1, -1, -1, -1, 5], [0, -1, -1, -1, 1, -1, 1, -1], [0, -1, -1, -1, 0, -1, -1, 3], [0, -1, 2, -1, -1, -1, -1, 5], [0, -1, 2, -1, -1, -1, 5, -1], [0, -1, 2, -1, 3, 0, -1, -1], [0, 2, -1, -1, -1, 0, 7, -1], [0, 1, -1, 5, -1, 1, -1, -1]]
18000 9 
 [[-1, -1, -1, -1, 1, 1, 2, -1], [-1, 3, -1, -1, -1, 0, -1, 9], [-1, 1, -1, 1, 1, -1, -1, -1], [-1, 1, 2, -1, -1, -1, 5, -1], [1, -1, -1, 2, -1, -1, -1, 1], [1, 3, -1, 4, -1, 1, -1, -1], [1, 0, -1, -1, 1, 1, -1, -1], [0, -1, 2, -1, -1, 0, 5, -1], [0, 2, -1, 6, -1, 1, -1, -1]]
20000 14 
 [[-1, -1, -1, -1, 2, 1, -1, 8], [-1, -1, -1, 6, -1, 1, -1, 4], [-1, -1, -1, 6, -1, 1, 7, -1], [-1, -1, -1, 6, -1, 0, 4, -1], [-1, -1, -1, 1, -1, 0, 9, -1], [-1, 2, -1, -1, -1, 1, -1, 8], [-1, 2, -1, 0, -1, -1, 9, -1], [-1, 0, -1, -1, -1, 1, 1, -1], [1, -1, -1, -1, 2, -1, 9, -1], [1, 2, -1, 4, -1, 1, -1, -1], [0, -1, 1, -1, -1, -1, -1, 7], [0, 2, 3, -1, 1, -1, -1, -1], [0, 1, 1, 4, -1, -1, -1, -1], [0, 0, -1, -1, 4, 0, -1, -1]]
