execution time
3 0.0351710319519043 0.024543046951293945
4 0.03212594985961914 0.03795194625854492
5 0.05081915855407715 0.10622191429138184
6 0.07030606269836426 0.31092095375061035
7 0.21683788299560547 4.929992198944092
8 0.5616440773010254 46.94038105010986
9 0.7409803867340088 234.8841850757599
10 1.2206149101257324
11 2.2120420932769775
12 4.320217132568359
13 10.876380920410156
14 19.996644973754883
15 37.864928007125854
16 77.67322301864624


number of patterns checked
3 59.0 74.0
4 304.0 599.0
5 749.0 3599.0
6 1137.0 10799.0
7 5437.0 118799.0
8 16577.0 1306799.0
9 25421.0 6533999.0
10 38687.0
11 56375.0
12 109379.0
13 215195.0
14 324963.0
15 535075.0
16 941347.0


number of patterns found
0 0 
 []
1 0 
 []
2 0 
 []
3 0 
 []
4 2 
 [[-1, -1, -1, -1, -1, 1, 5], [-1, -1, 1, -1, -1, -1, 5]]
5 4 
 [[-1, -1, -1, -1, -1, 1, 5, -1], [-1, -1, 1, -1, -1, -1, 5, -1], [0, -1, -1, -1, -1, 1, 6, 0], [0, 2, 0, -1, 0, 1, -1, 0]]
6 4 
 [[-1, -1, -1, -1, -1, 1, 5, -1, -1], [-1, -1, 1, -1, -1, -1, 5, -1, -1], [0, -1, -1, -1, -1, 1, 6, 0, -1], [0, 2, 0, -1, 0, 1, -1, 0, -1]]
7 4 
 [[-1, -1, -1, -1, -1, 1, 5, -1, -1, -1], [-1, -1, 1, -1, -1, -1, 5, -1, -1, -1], [0, -1, -1, -1, -1, 1, 6, 0, -1, -1], [0, 2, 0, -1, 0, 1, -1, 0, -1, -1]]
8 4 
 [[-1, -1, -1, -1, -1, 1, 5, -1, -1, -1, -1], [-1, -1, 1, -1, -1, -1, 5, -1, -1, -1, -1], [0, -1, -1, -1, -1, 1, 6, 0, -1, -1, -1], [0, 2, 0, -1, 0, 1, -1, 0, -1, -1, -1]]
9 4 
 [[-1, -1, -1, -1, -1, 1, 5, -1, -1, -1, -1, -1], [-1, -1, 1, -1, -1, -1, 5, -1, -1, -1, -1, -1], [0, -1, -1, -1, -1, 1, 6, 0, -1, -1, -1, -1], [0, 2, 0, -1, 0, 1, -1, 0, -1, -1, -1, -1]]
10 29 
 [[-1, -1, -1, -1, -1, -1, 7, -1, -1, -1, -1, -1, 2], [-1, -1, -1, -1, -1, -1, 5, -1, -1, -1, -1, -1, 2], [-1, -1, -1, -1, -1, -1, 5, -1, -1, -1, -1, -1, 1], [-1, -1, -1, -1, -1, -1, 3, -1, -1, -1, -1, -1, 0], [-1, -1, -1, -1, -1, -1, 2, -1, -1, -1, -1, -1, 0], [-1, -1, -1, -1, -1, -1, 1, -1, -1, -1, -1, -1, 0], [-1, -1, -1, -1, -1, 1, 5, -1, -1, -1, -1, -1, -1], [-1, -1, -1, -1, -1, 0, 6, -1, -1, -1, -1, -1, 2], [-1, -1, -1, -1, 1, -1, -1, -1, -1, -1, -1, -1, 2], [-1, -1, -1, -1, 0, 1, -1, -1, -1, -1, -1, -1, 0], [-1, -1, -1, 5, -1, -1, -1, -1, -1, -1, -1, -1, 0], [-1, -1, -1, 1, -1, -1, -1, -1, -1, -1, -1, -1, 0], [-1, -1, 3, -1, -1, -1, -1, -1, -1, -1, -1, -1, 0], [-1, -1, 2, -1, 0, -1, -1, -1, -1, -1, -1, -1, 0], [-1, -1, 1, -1, -1, -1, 5, -1, -1, -1, -1, -1, -1], [-1, -1, 1, -1, -1, -1, 4, -1, -1, -1, -1, -1, 0], [-1, -1, 1, -1, -1, 1, -1, -1, -1, -1, -1, -1, 0], [-1, 2, -1, -1, -1, 1, -1, -1, -1, -1, -1, -1, 0], [-1, 2, -1, -1, 0, -1, -1, -1, -1, -1, -1, -1, 0], [-1, 1, 2, -1, -1, -1, -1, -1, -1, -1, -1, -1, 0], [1, -1, -1, -1, -1, 1, -1, -1, -1, -1, -1, -1, 0], [0, -1, -1, -1, -1, -1, 6, 0, -1, -1, -1, -1, 2], [0, -1, -1, -1, -1, 1, 6, 0, -1, -1, -1, -1, -1], [0, -1, -1, 0, -1, -1, 6, -1, -1, -1, -1, -1, 2], [0, -1, 1, -1, 0, -1, -1, -1, -1, -1, -1, -1, 0], [0, 2, -1, -1, -1, -1, -1, -1, -1, -1, -1, -1, 0], [0, 2, 0, -1, 0, 1, -1, 0, -1, -1, -1, -1, -1], [0, 1, -1, -1, -1, -1, 6, -1, -1, -1, -1, -1, 2], [0, 1, 0, -1, -1, 0, -1, -1, -1, -1, -1, -1, 2]]
11 50 
 [[-1, -1, -1, -1, -1, -1, -1, -1, -1, -1, -1, -1, 2, 1], [-1, -1, -1, -1, -1, -1, 7, -1, -1, -1, -1, -1, 2, -1], [-1, -1, -1, -1, -1, -1, 5, -1, -1, -1, -1, -1, -1, 1], [-1, -1, -1, -1, -1, -1, 5, -1, -1, -1, -1, -1, 2, -1], [-1, -1, -1, -1, -1, -1, 5, -1, -1, -1, -1, -1, 1, -1], [-1, -1, -1, -1, -1, -1, 3, -1, -1, -1, -1, -1, 0, -1], [-1, -1, -1, -1, -1, -1, 2, -1, -1, -1, -1, -1, 0, -1], [-1, -1, -1, -1, -1, -1, 1, -1, -1, -1, -1, -1, 0, -1], [-1, -1, -1, -1, -1, 1, -1, -1, -1, -1, -1, -1, 0, 0], [-1, -1, -1, -1, -1, 1, 5, -1, -1, -1, -1, -1, -1, -1], [-1, -1, -1, -1, -1, 0, 6, -1, -1, -1, -1, -1, 2, -1], [-1, -1, -1, -1, -1, 0, 4, -1, -1, -1, -1, -1, 0, 0], [-1, -1, -1, -1, 1, -1, -1, -1, -1, -1, -1, -1, 2, -1], [-1, -1, -1, -1, 0, -1, -1, -1, -1, -1, -1, -1, 0, 0], [-1, -1, -1, -1, 0, 1, -1, -1, -1, -1, -1, -1, 0, -1], [-1, -1, -1, 5, -1, -1, -1, -1, -1, -1, -1, -1, 0, -1], [-1, -1, -1, 1, -1, -1, -1, -1, -1, -1, -1, -1, 0, -1], [-1, -1, -1, 0, -1, -1, 4, 0, -1, -1, -1, -1, 0, 0], [-1, -1, 3, -1, -1, -1, -1, -1, -1, -1, -1, -1, 0, -1], [-1, -1, 2, -1, -1, -1, -1, -1, -1, -1, -1, -1, 0, 0], [-1, -1, 2, -1, 0, -1, -1, -1, -1, -1, -1, -1, 0, -1], [-1, -1, 1, -1, -1, -1, -1, -1, -1, -1, -1, -1, 0, 0], [-1, -1, 1, -1, -1, -1, 5, -1, -1, -1, -1, -1, -1, -1], [-1, -1, 1, -1, -1, -1, 4, -1, -1, -1, -1, -1, 0, -1], [-1, -1, 1, -1, -1, 1, -1, -1, -1, -1, -1, -1, 0, -1], [-1, 2, -1, -1, -1, -1, -1, -1, -1, -1, -1, -1, 0, 0], [-1, 2, -1, -1, -1, -1, 6, -1, -1, -1, -1, 0, -1, 0], [-1, 2, -1, -1, -1, -1, 6, 0, -1, -1, -1, -1, -1, 0], [-1, 2, -1, -1, -1, 1, -1, -1, -1, -1, -1, -1, 0, -1], [-1, 2, -1, -1, 0, -1, -1, -1, -1, -1, -1, -1, 0, -1], [-1, 1, -1, -1, 0, 0, -1, -1, -1, -1, 0, 0, 1, 1], [-1, 1, -1, -1, 0, 0, -1, 0, -1, -1, -1, -1, 1, 1], [-1, 1, -1, 0, 0, -1, -1, 0, -1, -1, -1, 0, 1, 1], [-1, 1, -1, 0, 0, -1, -1, 0, -1, -1, 0, -1, 1, 1], [-1, 1, -1, 0, 0, 0, -1, -1, -1, -1, -1, 0, 1, 1], [-1, 1, -1, 0, 0, 0, -1, -1, -1, -1, 0, -1, 1, 1], [-1, 1, 2, -1, -1, -1, -1, -1, -1, -1, -1, -1, 0, -1], [-1, 1, 0, -1, 0, 0, -1, -1, -1, -1, -1, 0, 1, 1], [-1, 1, 0, 0, 0, -1, -1, 0, -1, -1, -1, -1, 1, 1], [1, -1, -1, -1, -1, 1, -1, -1, -1, -1, -1, -1, 0, -1], [0, -1, -1, -1, -1, -1, 6, 0, -1, -1, -1, -1, 2, -1], [0, -1, -1, -1, -1, 1, 6, 0, -1, -1, -1, -1, -1, -1], [0, -1, -1, 0, -1, -1, 6, -1, -1, -1, -1, -1, 2, -1], [0, -1, 1, -1, 0, -1, -1, -1, -1, -1, -1, -1, 0, -1], [0, -1, 0, 0, 0, -1, 6, 0, -1, -1, -1, -1, -1, 0], [0, 2, -1, -1, -1, -1, -1, -1, -1, -1, -1, -1, 0, -1], [0, 2, 0, -1, 0, 1, -1, 0, -1, -1, -1, -1, -1, -1], [0, 1, -1, -1, -1, -1, 6, -1, -1, -1, -1, -1, 2, -1], [0, 1, -1, 0, 0, -1, -1, 0, -1, -1, -1, -1, 1, 1], [0, 1, 0, -1, -1, 0, -1, -1, -1, -1, -1, -1, 2, -1]]
12 73 
 [[-1, -1, -1, -1, -1, -1, -1, -1, -1, -1, -1, -1, 2, -1, 1], [-1, -1, -1, -1, -1, -1, -1, -1, -1, -1, -1, -1, 2, 1, -1], [-1, -1, -1, -1, -1, -1, 7, -1, -1, -1, -1, -1, 2, -1, -1], [-1, -1, -1, -1, -1, -1, 5, -1, -1, -1, -1, -1, -1, -1, 1], [-1, -1, -1, -1, -1, -1, 5, -1, -1, -1, -1, -1, -1, 1, -1], [-1, -1, -1, -1, -1, -1, 5, -1, -1, -1, -1, -1, 2, -1, -1], [-1, -1, -1, -1, -1, -1, 5, -1, -1, -1, -1, -1, 1, -1, -1], [-1, -1, -1, -1, -1, -1, 3, -1, -1, -1, -1, -1, 0, -1, -1], [-1, -1, -1, -1, -1, -1, 2, -1, -1, -1, -1, -1, 0, -1, -1], [-1, -1, -1, -1, -1, -1, 1, -1, -1, -1, -1, -1, 0, -1, -1], [-1, -1, -1, -1, -1, 1, -1, -1, -1, -1, -1, -1, 0, -1, 0], [-1, -1, -1, -1, -1, 1, -1, -1, -1, -1, -1, -1, 0, 0, -1], [-1, -1, -1, -1, -1, 1, -1, 0, -1, -1, -1, -1, -1, 0, 1], [-1, -1, -1, -1, -1, 1, 5, -1, -1, -1, -1, -1, -1, -1, -1], [-1, -1, -1, -1, -1, 0, 6, -1, -1, -1, -1, -1, 2, -1, -1], [-1, -1, -1, -1, -1, 0, 4, -1, -1, -1, -1, -1, 0, -1, 0], [-1, -1, -1, -1, -1, 0, 4, -1, -1, -1, -1, -1, 0, 0, -1], [-1, -1, -1, -1, 1, -1, -1, -1, -1, -1, -1, -1, 2, -1, -1], [-1, -1, -1, -1, 0, -1, -1, -1, -1, -1, -1, -1, 0, -1, 0], [-1, -1, -1, -1, 0, -1, -1, -1, -1, -1, -1, -1, 0, 0, -1], [-1, -1, -1, -1, 0, 1, -1, -1, -1, -1, -1, -1, -1, 0, 1], [-1, -1, -1, -1, 0, 1, -1, -1, -1, -1, -1, -1, 0, -1, -1], [-1, -1, -1, 5, -1, -1, -1, -1, -1, -1, -1, -1, 0, -1, -1], [-1, -1, -1, 1, -1, -1, -1, -1, -1, -1, -1, -1, 0, -1, -1], [-1, -1, -1, 0, -1, -1, 4, -1, -1, -1, -1, -1, 0, -1, 0], [-1, -1, -1, 0, -1, -1, 4, 0, -1, -1, -1, -1, 0, 0, -1], [-1, -1, 3, -1, -1, -1, -1, -1, -1, -1, -1, -1, 0, -1, -1], [-1, -1, 2, -1, -1, -1, -1, -1, -1, -1, -1, -1, 0, -1, 0], [-1, -1, 2, -1, -1, -1, -1, -1, -1, -1, -1, -1, 0, 0, -1], [-1, -1, 2, -1, 0, -1, -1, -1, -1, -1, -1, -1, 0, -1, -1], [-1, -1, 1, -1, -1, -1, -1, -1, -1, -1, -1, -1, 0, -1, 0], [-1, -1, 1, -1, -1, -1, -1, -1, -1, -1, -1, -1, 0, 0, -1], [-1, -1, 1, -1, -1, -1, 5, -1, -1, -1, -1, -1, -1, -1, -1], [-1, -1, 1, -1, -1, -1, 4, -1, -1, -1, -1, -1, 0, -1, -1], [-1, -1, 1, -1, -1, 1, -1, -1, -1, -1, -1, -1, -1, -1, 1], [-1, -1, 1, -1, -1, 1, -1, -1, -1, -1, -1, -1, 0, -1, -1], [-1, -1, 0, -1, -1, 1, -1, -1, -1, -1, -1, -1, -1, 0, 1], [-1, 2, -1, -1, -1, -1, -1, -1, -1, -1, -1, -1, 0, -1, 0], [-1, 2, -1, -1, -1, -1, -1, -1, -1, -1, -1, -1, 0, 0, -1], [-1, 2, -1, -1, -1, -1, 6, -1, -1, -1, -1, 0, -1, 0, -1], [-1, 2, -1, -1, -1, -1, 6, 0, -1, -1, -1, -1, -1, 0, -1], [-1, 2, -1, -1, -1, 1, -1, -1, -1, -1, -1, -1, 0, -1, -1], [-1, 2, -1, -1, 0, -1, -1, -1, -1, -1, -1, -1, 0, -1, -1], [-1, 1, -1, -1, -1, 1, -1, -1, -1, -1, -1, -1, -1, 0, 1], [-1, 1, -1, -1, 0, 0, -1, -1, -1, -1, 0, 0, 1, 1, -1], [-1, 1, -1, -1, 0, 0, -1, 0, -1, -1, -1, -1, 1, 1, -1], [-1, 1, -1, -1, 0, 0, -1, 0, -1, -1, 0, 0, 1, -1, 1], [-1, 1, -1, 0, 0, -1, -1, 0, -1, -1, -1, 0, 1, -1, 1], [-1, 1, -1, 0, 0, -1, -1, 0, -1, -1, -1, 0, 1, 1, -1], [-1, 1, -1, 0, 0, -1, -1, 0, -1, -1, 0, -1, 1, 1, -1], [-1, 1, -1, 0, 0, 0, -1, -1, -1, -1, -1, 0, 1, 1, -1], [-1, 1, -1, 0, 0, 0, -1, -1, -1, -1, 0, -1, 1, 1, -1], [-1, 1, -1, 0, 0, 0, -1, 0, -1, -1, 0, -1, 1, -1, 1], [-1, 1, 2, -1, -1, -1, -1, -1, -1, -1, -1, -1, 0, -1, -1], [-1, 1, 0, -1, 0, 0, -1, -1, -1, -1, -1, 0, 1, -1, 1], [-1, 1, 0, -1, 0, 0, -1, -1, -1, -1, -1, 0, 1, 1, -1], [-1, 1, 0, -1, 0, 0, -1, 0, -1, -1, -1, -1, 1, -1, 1], [-1, 1, 0, 0, 0, -1, -1, -1, -1, -1, -1, 0, 1, -1, 1], [-1, 1, 0, 0, 0, -1, -1, 0, -1, -1, -1, -1, 1, -1, 1], [-1, 1, 0, 0, 0, -1, -1, 0, -1, -1, -1, -1, 1, 1, -1], [1, -1, -1, -1, -1, 1, -1, -1, -1, -1, -1, -1, 0, -1, -1], [0, -1, -1, -1, -1, -1, 6, 0, -1, -1, -1, -1, 2, -1, -1], [0, -1, -1, -1, -1, 1, -1, -1, -1, -1, -1, -1, -1, 0, 1], [0, -1, -1, -1, -1, 1, 6, 0, -1, -1, -1, -1, -1, -1, -1], [0, -1, -1, 0, -1, -1, 6, -1, -1, -1, -1, -1, 2, -1, -1], [0, -1, 1, -1, 0, -1, -1, -1, -1, -1, -1, -1, 0, -1, -1], [0, -1, 0, 0, 0, -1, 6, 0, -1, -1, -1, -1, -1, 0, -1], [0, 2, -1, -1, -1, -1, -1, -1, -1, -1, -1, -1, 0, -1, -1], [0, 2, 0, -1, 0, 1, -1, 0, -1, -1, -1, -1, -1, -1, -1], [0, 1, -1, -1, -1, -1, 6, -1, -1, -1, -1, -1, 2, -1, -1], [0, 1, -1, 0, 0, -1, -1, 0, -1, -1, -1, -1, 1, 1, -1], [0, 1, -1, 0, 0, -1, -1, 0, -1, -1, 0, -1, 1, -1, 1], [0, 1, 0, -1, -1, 0, -1, -1, -1, -1, -1, -1, 2, -1, -1]]
13 172 
 [[-1, -1, -1, -1, -1, -1, -1, -1, -1, -1, -1, -1, -1, -1, 0, 1], [-1, -1, -1, -1, -1, -1, -1, -1, -1, -1, -1, -1, -1, 0, -1, 1], [-1, -1, -1, -1, -1, -1, -1, -1, -1, -1, -1, -1, 2, -1, 1, -1], [-1, -1, -1, -1, -1, -1, -1, -1, -1, -1, -1, -1, 2, 1, -1, -1], [-1, -1, -1, -1, -1, -1, -1, -1, -1, -1, -1, -1, 1, -1, 1, 0], [-1, -1, -1, -1, -1, -1, -1, -1, -1, -1, -1, -1, 1, 1, -1, 0], [-1, -1, -1, -1, -1, -1, 9, -1, -1, -1, -1, -1, -1, -1, -1, 0], [-1, -1, -1, -1, -1, -1, 7, -1, -1, -1, -1, -1, -1, -1, 1, 0], [-1, -1, -1, -1, -1, -1, 7, -1, -1, -1, -1, -1, -1, 0, -1, 0], [-1, -1, -1, -1, -1, -1, 7, -1, -1, -1, -1, -1, 2, -1, -1, -1], [-1, -1, -1, -1, -1, -1, 7, -1, -1, -1, 0, 0, -1, -1, -1, 0], [-1, -1, -1, -1, -1, -1, 7, 0, -1, -1, -1, -1, -1, -1, -1, 0], [-1, -1, -1, -1, -1, -1, 5, -1, -1, -1, -1, -1, -1, -1, -1, 0], [-1, -1, -1, -1, -1, -1, 5, -1, -1, -1, -1, -1, -1, -1, 1, -1], [-1, -1, -1, -1, -1, -1, 5, -1, -1, -1, -1, -1, -1, 1, -1, -1], [-1, -1, -1, -1, -1, -1, 5, -1, -1, -1, -1, -1, 2, -1, -1, -1], [-1, -1, -1, -1, -1, -1, 5, -1, -1, -1, -1, -1, 1, -1, -1, -1], [-1, -1, -1, -1, -1, -1, 4, -1, 0, -1, -1, -1, -1, -1, -1, 1], [-1, -1, -1, -1, -1, -1, 3, -1, -1, -1, -1, -1, -1, -1, -1, 1], [-1, -1, -1, -1, -1, -1, 3, -1, -1, -1, -1, -1, 0, -1, -1, -1], [-1, -1, -1, -1, -1, -1, 2, -1, -1, -1, -1, -1, -1, -1, -1, 1], [-1, -1, -1, -1, -1, -1, 2, -1, -1, -1, -1, -1, 0, -1, -1, -1], [-1, -1, -1, -1, -1, -1, 1, -1, -1, -1, -1, -1, -1, -1, -1, 1], [-1, -1, -1, -1, -1, -1, 1, -1, -1, -1, -1, -1, 0, -1, -1, -1], [-1, -1, -1, -1, -1, 1, -1, -1, -1, -1, -1, -1, -1, -1, -1, 1], [-1, -1, -1, -1, -1, 1, -1, -1, -1, -1, -1, -1, 0, -1, 0, -1], [-1, -1, -1, -1, -1, 1, -1, -1, -1, -1, -1, -1, 0, 0, -1, -1], [-1, -1, -1, -1, -1, 1, -1, 0, -1, -1, -1, -1, -1, 0, 1, -1], [-1, -1, -1, -1, -1, 1, 5, -1, -1, -1, -1, -1, -1, -1, -1, -1], [-1, -1, -1, -1, -1, 0, 6, -1, -1, -1, -1, -1, 2, -1, -1, -1], [-1, -1, -1, -1, -1, 0, 4, -1, -1, -1, -1, -1, 0, -1, 0, -1], [-1, -1, -1, -1, -1, 0, 4, -1, -1, -1, -1, -1, 0, 0, -1, -1], [-1, -1, -1, -1, 1, -1, -1, -1, -1, -1, -1, -1, 2, -1, -1, -1], [-1, -1, -1, -1, 1, 0, -1, -1, -1, 0, -1, -1, -1, -1, 1, 0], [-1, -1, -1, -1, 1, 0, -1, -1, 0, -1, -1, -1, -1, -1, 1, 0], [-1, -1, -1, -1, 0, -1, -1, -1, -1, -1, -1, -1, 1, -1, -1, 1], [-1, -1, -1, -1, 0, -1, -1, -1, -1, -1, -1, -1, 0, -1, 0, -1], [-1, -1, -1, -1, 0, -1, -1, -1, -1, -1, -1, -1, 0, 0, -1, -1], [-1, -1, -1, -1, 0, -1, 8, -1, -1, -1, -1, -1, -1, -1, 1, 0], [-1, -1, -1, -1, 0, -1, 8, -1, -1, -1, -1, -1, -1, 1, -1, 0], [-1, -1, -1, -1, 0, -1, 8, 0, -1, -1, -1, -1, -1, -1, -1, 0], [-1, -1, -1, -1, 0, -1, 4, -1, -1, -1, -1, -1, 0, -1, -1, 1], [-1, -1, -1, -1, 0, 1, -1, -1, -1, -1, -1, -1, -1, 0, 1, -1], [-1, -1, -1, -1, 0, 1, -1, -1, -1, -1, -1, -1, 0, -1, -1, -1], [-1, -1, -1, -1, 0, 1, -1, -1, -1, -1, -1, 0, -1, 1, -1, 0], [-1, -1, -1, -1, 0, 1, -1, -1, -1, -1, 0, -1, -1, 1, -1, 0], [-1, -1, -1, -1, 0, 1, -1, 0, -1, -1, -1, -1, -1, 1, -1, 0], [-1, -1, -1, 5, -1, -1, -1, -1, -1, -1, -1, -1, 0, -1, -1, -1], [-1, -1, -1, 1, -1, -1, -1, -1, -1, -1, -1, -1, -1, -1, -1, 1], [-1, -1, -1, 1, -1, -1, -1, -1, -1, -1, -1, -1, 0, -1, -1, -1], [-1, -1, -1, 0, -1, -1, 4, -1, -1, -1, -1, -1, -1, -1, -1, 1], [-1, -1, -1, 0, -1, -1, 4, -1, -1, -1, -1, -1, 0, -1, 0, -1], [-1, -1, -1, 0, -1, -1, 4, 0, -1, -1, -1, -1, 0, 0, -1, -1], [-1, -1, 3, -1, -1, -1, -1, -1, -1, -1, -1, -1, -1, -1, -1, 1], [-1, -1, 3, -1, -1, -1, -1, -1, -1, -1, -1, -1, 0, -1, -1, -1], [-1, -1, 2, -1, -1, -1, -1, -1, -1, -1, -1, -1, -1, -1, -1, 1], [-1, -1, 2, -1, -1, -1, -1, -1, -1, -1, -1, -1, 0, -1, 0, -1], [-1, -1, 2, -1, -1, -1, -1, -1, -1, -1, -1, -1, 0, 0, -1, -1], [-1, -1, 2, -1, 0, -1, -1, -1, -1, -1, -1, -1, 0, -1, -1, -1], [-1, -1, 1, -1, -1, -1, -1, -1, -1, -1, -1, -1, -1, -1, -1, 1], [-1, -1, 1, -1, -1, -1, -1, -1, -1, -1, -1, -1, 0, -1, 0, -1], [-1, -1, 1, -1, -1, -1, -1, -1, -1, -1, -1, -1, 0, 0, -1, -1], [-1, -1, 1, -1, -1, -1, 5, -1, -1, -1, -1, -1, -1, -1, -1, -1], [-1, -1, 1, -1, -1, -1, 4, -1, -1, -1, -1, -1, 0, -1, -1, -1], [-1, -1, 1, -1, -1, 1, -1, -1, -1, -1, -1, -1, -1, -1, 1, -1], [-1, -1, 1, -1, -1, 1, -1, -1, -1, -1, -1, -1, 0, -1, -1, -1], [-1, -1, 0, -1, -1, -1, -1, -1, -1, -1, -1, -1, -1, 0, 1, 0], [-1, -1, 0, -1, -1, -1, 7, -1, -1, -1, -1, -1, -1, -1, -1, 0], [-1, -1, 0, -1, -1, 1, -1, -1, -1, -1, -1, -1, -1, 0, 1, -1], [-1, -1, 0, -1, -1, 0, 6, -1, -1, -1, -1, -1, -1, -1, -1, 0], [-1, -1, 0, -1, -1, 0, 4, 0, -1, -1, -1, 0, -1, -1, -1, 0], [-1, -1, 0, -1, 0, -1, -1, 0, -1, -1, -1, 0, -1, -1, 1, 0], [-1, -1, 0, -1, 0, -1, -1, 0, 0, -1, -1, -1, -1, -1, 1, 0], [-1, -1, 0, -1, 0, 0, -1, -1, -1, -1, -1, -1, -1, -1, 1, 0], [-1, -1, 0, -1, 0, 0, -1, -1, 0, -1, -1, -1, -1, 1, -1, 0], [-1, -1, 0, -1, 0, 0, -1, 0, -1, -1, -1, -1, -1, 1, -1, 0], [-1, -1, 0, -1, 0, 0, 4, -1, -1, -1, -1, -1, -1, -1, -1, 0], [-1, -1, 0, 0, -1, 0, 4, -1, -1, -1, -1, -1, -1, -1, -1, 0], [-1, 2, -1, -1, -1, -1, -1, -1, -1, -1, -1, -1, -1, -1, -1, 1], [-1, 2, -1, -1, -1, -1, -1, -1, -1, -1, -1, -1, 0, -1, 0, -1], [-1, 2, -1, -1, -1, -1, -1, -1, -1, -1, -1, -1, 0, 0, -1, -1], [-1, 2, -1, -1, -1, -1, 6, -1, -1, -1, -1, 0, -1, 0, -1, -1], [-1, 2, -1, -1, -1, -1, 6, 0, -1, -1, -1, -1, -1, 0, -1, -1], [-1, 2, -1, -1, -1, 1, -1, -1, -1, -1, -1, -1, 0, -1, -1, -1], [-1, 2, -1, -1, 0, -1, -1, -1, -1, -1, -1, -1, 0, -1, -1, -1], [-1, 1, -1, -1, -1, -1, 8, 0, -1, -1, -1, -1, -1, 1, -1, 0], [-1, 1, -1, -1, -1, -1, 7, -1, -1, -1, -1, -1, -1, -1, -1, 0], [-1, 1, -1, -1, -1, -1, 4, -1, -1, -1, -1, -1, -1, -1, -1, 1], [-1, 1, -1, -1, -1, 1, -1, -1, -1, -1, -1, -1, -1, 0, 1, -1], [-1, 1, -1, -1, -1, 0, -1, 0, 0, -1, -1, 0, -1, 1, -1, 0], [-1, 1, -1, -1, 0, -1, -1, -1, -1, -1, -1, -1, -1, 1, -1, 0], [-1, 1, -1, -1, 0, -1, 8, -1, -1, -1, -1, -1, -1, -1, -1, 0], [-1, 1, -1, -1, 0, 0, -1, -1, -1, -1, 0, 0, 1, 1, -1, -1], [-1, 1, -1, -1, 0, 0, -1, 0, -1, -1, -1, -1, 1, 1, -1, -1], [-1, 1, -1, -1, 0, 0, -1, 0, -1, -1, 0, 0, 1, -1, 1, -1], [-1, 1, -1, -1, 0, 0, 6, -1, -1, -1, -1, -1, -1, -1, -1, 0], [-1, 1, -1, 0, 0, -1, -1, 0, -1, -1, -1, 0, 1, -1, 1, -1], [-1, 1, -1, 0, 0, -1, -1, 0, -1, -1, -1, 0, 1, 1, -1, -1], [-1, 1, -1, 0, 0, -1, -1, 0, -1, -1, 0, -1, 1, 1, -1, -1], [-1, 1, -1, 0, 0, 0, -1, -1, -1, -1, -1, 0, 1, 1, -1, -1], [-1, 1, -1, 0, 0, 0, -1, -1, -1, -1, 0, -1, 1, 1, -1, -1], [-1, 1, -1, 0, 0, 0, -1, 0, -1, -1, 0, -1, 1, -1, 1, -1], [-1, 1, 2, -1, -1, -1, -1, -1, -1, -1, -1, -1, 0, -1, -1, -1], [-1, 1, 1, -1, -1, -1, -1, -1, -1, -1, -1, -1, -1, 1, -1, 0], [-1, 1, 0, -1, -1, 0, -1, -1, -1, -1, -1, -1, -1, -1, 1, 0], [-1, 1, 0, -1, -1, 0, -1, 0, -1, -1, -1, -1, -1, 1, -1, 0], [-1, 1, 0, -1, -1, 0, 4, -1, -1, -1, -1, -1, -1, -1, -1, 0], [-1, 1, 0, -1, 0, -1, -1, -1, -1, -1, -1, -1, -1, -1, 1, 0], [-1, 1, 0, -1, 0, -1, 6, 0, -1, -1, -1, 0, -1, -1, -1, 0], [-1, 1, 0, -1, 0, -1, 4, -1, -1, -1, -1, -1, -1, -1, 0, 0], [-1, 1, 0, -1, 0, 0, -1, -1, -1, -1, -1, 0, 1, -1, 1, -1], [-1, 1, 0, -1, 0, 0, -1, -1, -1, -1, -1, 0, 1, 1, -1, -1], [-1, 1, 0, -1, 0, 0, -1, 0, -1, -1, -1, -1, 1, -1, 1, -1], [-1, 1, 0, 0, 0, -1, -1, -1, -1, -1, -1, 0, 1, -1, 1, -1], [-1, 1, 0, 0, 0, -1, -1, 0, -1, -1, -1, -1, 1, -1, 1, -1], [-1, 1, 0, 0, 0, -1, -1, 0, -1, -1, -1, -1, 1, 1, -1, -1], [1, -1, -1, -1, -1, 1, -1, -1, -1, -1, -1, -1, 0, -1, -1, -1], [1, -1, -1, -1, 0, -1, -1, -1, -1, -1, -1, -1, -1, -1, -1, 1], [1, 1, 1, -1, -1, 0, -1, -1, -1, -1, -1, -1, -1, -1, -1, 0], [1, 1, 0, -1, -1, 0, -1, -1, -1, -1, -1, -1, -1, -1, -1, 1], [0, -1, -1, -1, -1, -1, 7, -1, -1, -1, -1, -1, -1, -1, -1, 0], [0, -1, -1, -1, -1, -1, 6, 0, -1, -1, -1, -1, 2, -1, -1, -1], [0, -1, -1, -1, -1, 1, -1, -1, -1, -1, -1, -1, -1, 0, 1, -1], [0, -1, -1, -1, -1, 1, -1, -1, -1, 0, 0, -1, -1, 1, -1, 0], [0, -1, -1, -1, -1, 1, -1, 0, -1, -1, -1, -1, -1, -1, 1, 0], [0, -1, -1, -1, -1, 1, -1, 0, -1, -1, -1, -1, -1, 1, -1, 0], [0, -1, -1, -1, -1, 1, 6, 0, -1, -1, -1, -1, -1, -1, -1, -1], [0, -1, -1, -1, 1, 0, -1, -1, -1, -1, -1, -1, -1, -1, 1, 0], [0, -1, -1, -1, 0, -1, -1, 0, -1, -1, -1, -1, -1, 1, -1, 0], [0, -1, -1, -1, 0, -1, 8, -1, -1, -1, -1, -1, -1, -1, -1, 0], [0, -1, -1, -1, 0, 1, -1, -1, -1, -1, -1, -1, -1, -1, 1, 0], [0, -1, -1, -1, 0, 1, -1, -1, -1, -1, -1, -1, -1, 1, -1, 0], [0, -1, -1, 0, -1, -1, 6, -1, -1, -1, -1, -1, 2, -1, -1, -1], [0, -1, 1, -1, -1, -1, -1, -1, 0, -1, 0, -1, -1, 1, -1, 0], [0, -1, 1, -1, 0, -1, -1, -1, -1, -1, -1, -1, 0, -1, -1, -1], [0, -1, 1, -1, 0, -1, -1, -1, -1, -1, 0, -1, -1, 1, -1, 0], [0, -1, 0, -1, -1, -1, 4, -1, -1, -1, -1, 0, -1, 0, -1, 0], [0, -1, 0, -1, -1, 0, 4, -1, -1, -1, -1, -1, -1, -1, -1, 0], [0, -1, 0, -1, 0, -1, -1, -1, -1, -1, -1, -1, -1, -1, 1, 0], [0, -1, 0, -1, 0, -1, 4, -1, -1, -1, -1, -1, -1, 0, -1, 0], [0, -1, 0, -1, 0, -1, 4, -1, -1, -1, -1, 0, -1, -1, -1, 0], [0, -1, 0, -1, 0, -1, 4, 0, -1, -1, -1, -1, -1, -1, -1, 0], [0, -1, 0, -1, 0, 0, -1, -1, -1, -1, -1, -1, -1, 1, -1, 0], [0, -1, 0, 0, -1, -1, 4, -1, -1, -1, -1, -1, -1, 0, -1, 0], [0, -1, 0, 0, -1, -1, 4, -1, -1, -1, -1, 0, -1, -1, -1, 0], [0, -1, 0, 0, -1, -1, 4, 0, -1, -1, -1, -1, -1, -1, -1, 0], [0, -1, 0, 0, -1, 0, -1, -1, -1, -1, -1, -1, 2, -1, -1, 0], [0, -1, 0, 0, 0, -1, 6, 0, -1, -1, -1, -1, -1, 0, -1, -1], [0, -1, 0, 0, 0, -1, 4, -1, -1, -1, -1, -1, -1, -1, -1, 0], [0, 2, -1, -1, -1, -1, -1, -1, -1, -1, -1, -1, 0, -1, -1, -1], [0, 2, 0, -1, 0, 1, -1, 0, -1, -1, -1, -1, -1, -1, -1, -1], [0, 1, -1, -1, -1, -1, -1, -1, -1, -1, 0, 0, -1, 1, -1, 0], [0, 1, -1, -1, -1, -1, -1, -1, -1, 0, -1, 0, -1, 1, -1, 0], [0, 1, -1, -1, -1, -1, -1, -1, -1, 0, 0, -1, -1, 1, -1, 0], [0, 1, -1, -1, -1, -1, -1, -1, 0, -1, -1, 0, -1, 1, -1, 0], [0, 1, -1, -1, -1, -1, -1, -1, 0, -1, 0, -1, -1, 1, -1, 0], [0, 1, -1, -1, -1, -1, -1, -1, 0, 0, -1, -1, -1, 1, -1, 0], [0, 1, -1, -1, -1, -1, -1, 0, -1, -1, -1, -1, -1, 1, -1, 0], [0, 1, -1, -1, -1, -1, 6, -1, -1, -1, -1, -1, 2, -1, -1, -1], [0, 1, -1, -1, -1, 1, -1, -1, -1, -1, 0, -1, -1, 1, -1, 0], [0, 1, -1, -1, -1, 1, -1, -1, -1, 0, -1, -1, -1, 1, -1, 0], [0, 1, -1, -1, -1, 1, -1, -1, -1, 0, 0, -1, -1, -1, 1, 0], [0, 1, -1, -1, -1, 0, -1, -1, -1, -1, -1, 0, -1, 1, -1, 0], [0, 1, -1, -1, 0, -1, -1, -1, -1, -1, -1, -1, -1, -1, 1, 0], [0, 1, -1, 0, 0, -1, -1, 0, -1, -1, -1, -1, 1, 1, -1, -1], [0, 1, -1, 0, 0, -1, -1, 0, -1, -1, 0, -1, 1, -1, 1, -1], [0, 1, 0, -1, -1, -1, -1, -1, -1, -1, -1, -1, -1, -1, 1, 0], [0, 1, 0, -1, -1, -1, 6, -1, -1, -1, -1, -1, -1, -1, -1, 0], [0, 1, 0, -1, -1, -1, 4, -1, -1, -1, -1, -1, -1, -1, -1, 0], [0, 1, 0, -1, -1, 0, -1, -1, -1, -1, -1, -1, -1, 1, -1, 0], [0, 1, 0, -1, -1, 0, -1, -1, -1, -1, -1, -1, 2, -1, -1, -1], [0, 1, 0, 0, -1, 0, -1, -1, -1, -1, -1, 0, 1, -1, -1, 0]]
