overall accuracy: 0.6359941944847605
execution time
0.05 0.6469058990478516
0.1 0.6849279403686523
0.15 0.7152490615844727
0.2 0.7549550533294678
0.25 0.6444048881530762
0.3 0.6139121055603027


number of calculations
0.05 13487.0
0.1 16111.0
0.15 17222.0
0.2 16590.0
0.25 16021.0
0.3 14839.0


number of patterns found
0.05 50 
 [[-2, -2, -2, -2, -2, -2, 6, 0], [-2, -2, -2, -2, -2, -2, 5, -2], [-2, -2, -2, -2, -2, -2, 4, -2], [-2, -2, -2, -2, -2, -2, 3, -2], [-2, -2, -2, -2, -2, 1, 9, -2], [-2, -2, -2, -2, -2, 1, 7, 0], [-2, -2, -2, -2, -2, 1, 6, -2], [-2, -2, -2, -2, 0, -2, 9, -2], [-2, -2, -2, -2, 0, -2, 6, -2], [-2, -2, -2, -2, 0, 1, 7, -2], [-2, -2, -2, 4, -2, -2, -2, -2], [-2, -2, -2, 0, -2, 1, 7, -2], [-2, -2, 3, -2, -2, 0, -2, -2], [-2, -2, 3, 0, -2, -2, -2, -2], [-2, -2, 1, -2, -2, -2, 7, -2], [-2, -2, 1, -2, -2, -2, 6, -2], [-2, -2, 1, -2, -2, -2, 2, -2], [-2, -2, 1, -2, 1, -2, -2, -2], [-2, -2, 0, -2, 0, -2, 7, 0], [-2, -2, 0, 0, 0, 1, -2, -2], [-2, 2, -2, -2, -2, -2, 6, -2], [-2, 2, -2, -2, -2, 0, 2, -2], [-2, 2, -2, -2, 2, -2, -2, -2], [-2, 2, -2, -2, 1, -2, -2, -2], [-2, 2, 0, -2, -2, -2, -2, 0], [-2, 2, 0, -2, -2, 1, -2, -2], [-2, 2, 0, 0, -2, -2, -2, -2], [-2, 1, -2, -2, -2, 1, 7, -2], [-2, 1, -2, 1, -2, 0, -2, 0], [-2, 1, -2, 0, 0, 1, -2, -2], [-2, 1, 3, -2, -2, -2, -2, 0], [-2, 1, 1, -2, -2, -2, -2, -2], [-2, 1, 0, -2, 0, -2, 7, -2], [-2, 1, 0, 1, -2, 0, -2, -2], [1, -2, 1, -2, -2, 0, -2, -2], [1, 1, -2, -2, 0, 0, -2, -2], [0, -2, -2, -2, -2, -2, 6, -2], [0, -2, -2, -2, -2, 1, 7, -2], [0, -2, -2, 5, -2, 0, -2, 0], [0, -2, -2, 0, 0, 1, -2, -2], [0, -2, 1, -2, -2, 1, -2, -2], [0, -2, 0, -2, -2, 1, -2, 0], [0, -2, 0, -2, 0, -2, 7, -2], [0, -2, 0, -2, 0, 1, -2, -2], [0, -2, 0, 0, -2, 0, 2, -2], [0, 2, -2, -2, -2, -2, 2, -2], [0, 2, 0, -2, -2, -2, -2, -2], [0, 1, -2, -2, -2, 1, -2, -2], [0, 1, 3, -2, -2, -2, -2, -2], [0, 1, 0, 1, -2, -2, -2, -2]]
0.1 34 
 [[-2, -2, -2, -2, -2, -2, 5, -2], [-2, -2, -2, -2, -2, 1, 9, -2], [-2, -2, -2, -2, 0, 1, 7, -2], [-2, -2, -2, -2, 0, 1, 6, 0], [-2, -2, -2, 4, -2, -2, -2, -2], [-2, -2, 1, -2, 0, 0, 6, -2], [-2, -2, 0, 0, -2, -2, 3, -2], [-2, 2, -2, -2, -2, -2, 6, -2], [-2, 2, -2, -2, 1, -2, -2, -2], [-2, 2, 0, -2, -2, 1, -2, 0], [-2, 2, 0, -2, 0, 1, -2, -2], [-2, 1, -2, -2, -2, -2, 4, -2], [-2, 1, -2, -2, -2, 1, 6, 0], [-2, 1, -2, -2, 0, 1, 6, -2], [-2, 1, 3, 0, -2, -2, -2, 0], [-2, 1, 3, 0, -2, 0, -2, -2], [-2, 1, 1, -2, -2, -2, 6, -2], [-2, 1, 1, -2, -2, 1, -2, -2], [-2, 1, 1, -2, -2, 0, 2, 0], [-2, 1, 0, -2, -2, -2, 3, 0], [-2, 1, 0, -2, 0, -2, 3, -2], [1, 1, 1, -2, -2, 0, -2, -2], [1, 1, 1, -2, 0, -2, -2, -2], [0, -2, -2, -2, -2, -2, 4, -2], [0, -2, -2, -2, -2, 1, 6, -2], [0, -2, -2, -2, -2, 1, 3, -2], [0, -2, -2, -2, 0, -2, 6, -2], [0, -2, 1, -2, 1, -2, -2, -2], [0, -2, 0, -2, -2, -2, 3, -2], [0, 2, 0, -2, -2, 1, -2, -2], [0, 2, 0, -2, 0, -2, -2, 0], [0, 2, 0, 0, 0, -2, -2, -2], [0, 1, 3, -2, -2, 0, -2, -2], [0, 1, 3, 0, -2, -2, -2, -2]]
0.15 19 
 [[-2, -2, -2, -2, -2, -2, 5, -2], [-2, 2, -2, -2, -2, -2, 6, 0], [-2, 2, -2, -2, -2, 0, 6, -2], [-2, 2, 0, -2, 0, 1, -2, 0], [1, 1, 1, -2, 0, 0, -2, -2], [0, -2, -2, -2, -2, 1, 6, -2], [0, -2, 0, -2, 0, -2, 6, 0], [0, -2, 0, 0, -2, -2, 3, 0], [0, -2, 0, 0, 0, -2, 3, -2], [0, 2, 0, -2, -2, 1, -2, 0], [0, 2, 0, -2, 0, 1, -2, -2], [0, 1, -2, -2, -2, 0, 4, -2], [0, 1, -2, -2, 0, 1, 4, -2], [0, 1, -2, 0, -2, 1, 4, -2], [0, 1, 3, 0, 0, 0, -2, 0], [0, 1, 1, -2, -2, -2, 4, -2], [0, 1, 0, -2, -2, 0, 3, 0], [0, 1, 0, -2, 0, -2, 3, 0], [0, 1, 0, -2, 0, 0, 3, -2]]
0.2 3 
 [[-2, -2, -2, -2, -2, 1, 5, -2], [-2, -2, 1, -2, -2, -2, 5, -2], [0, 2, 0, -2, 0, 1, -2, 0]]
0.25 2 
 [[-2, -2, -2, -2, -2, 1, 5, -2], [0, 2, 0, -2, 0, 1, -2, 0]]
0.3 1 
 [[0, -2, -2, -2, -2, 1, 5, -2]]
