overall accuracy: 0.6359941944847605
execution time
10 1.4323971271514893
20 0.9191508293151855
30 0.7512099742889404
40 0.6287791728973389
50 0.5614256858825684
60 0.5252718925476074
70 0.49471402168273926
80 0.42866086959838867
90 0.38454198837280273
100 0.34108591079711914


number of calculations
10 47323.0
20 30794.0
30 24350.0
40 19461.0
50 16591.0
60 14610.0
70 12693.0
80 10985.0
90 9663.0
100 8603.0


number of patterns found
10 96 
 [[-1, -1, -1, -1, -1, 1, 5, -1], [-1, -1, -1, -1, 1, -1, 2, -1], [-1, -1, -1, -1, 0, 1, 9, -1], [-1, -1, -1, 6, -1, 0, -1, -1], [-1, -1, -1, 5, -1, -1, 4, -1], [-1, -1, -1, 5, 1, -1, -1, 0], [-1, -1, -1, 1, -1, -1, 9, -1], [-1, -1, -1, 1, -1, -1, 8, -1], [-1, -1, -1, 1, -1, -1, 6, -1], [-1, -1, -1, 1, -1, 0, 4, -1], [-1, -1, -1, 1, 1, 0, -1, -1], [-1, -1, -1, 1, 0, -1, 4, -1], [-1, -1, -1, 0, 1, 0, 4, -1], [-1, -1, 3, -1, -1, -1, 5, -1], [-1, -1, 3, -1, -1, -1, 4, -1], [-1, -1, 3, -1, -1, 0, 3, -1], [-1, -1, 3, -1, 1, -1, -1, -1], [-1, -1, 2, -1, -1, -1, 5, -1], [-1, -1, 1, -1, -1, -1, 5, -1], [-1, -1, 1, -1, -1, 1, 7, -1], [-1, -1, 1, -1, 1, -1, 4, -1], [-1, -1, 1, -1, 0, -1, 9, -1], [-1, -1, 1, 4, -1, -1, -1, -1], [-1, -1, 1, 0, 1, 0, 7, -1], [-1, -1, 0, 2, -1, -1, 1, -1], [-1, -1, 0, 0, -1, 1, 3, 0], [-1, -1, 0, 0, 0, 1, 6, 0], [-1, 2, -1, -1, -1, -1, 9, -1], [-1, 2, -1, -1, 2, -1, 7, -1], [-1, 2, -1, -1, 1, -1, 7, -1], [-1, 2, -1, -1, 1, 0, 6, -1], [-1, 2, -1, -1, 1, 0, 4, -1], [-1, 2, -1, -1, 0, -1, 5, 0], [-1, 2, -1, 4, -1, -1, -1, -1], [-1, 2, 0, -1, 0, -1, 5, -1], [-1, 2, 0, 5, -1, -1, -1, 0], [-1, 2, 0, 2, -1, -1, -1, -1], [-1, 2, 0, 0, -1, -1, 2, -1], [-1, 2, 0, 0, 0, -1, 6, 0], [-1, 2, 0, 0, 0, 0, 6, -1], [-1, 1, -1, -1, 1, 0, 4, -1], [-1, 1, -1, 5, 0, 0, -1, -1], [-1, 1, -1, 1, -1, -1, 4, -1], [-1, 1, -1, 1, 1, -1, -1, -1], [-1, 1, -1, 0, 1, -1, 4, -1], [-1, 1, 1, -1, -1, 1, 4, -1], [-1, 1, 0, 0, 0, 1, 6, -1], [1, -1, -1, -1, -1, -1, 9, -1], [1, -1, -1, -1, -1, 1, 8, 0], [1, -1, -1, -1, 0, -1, 8, -1], [1, -1, -1, 2, -1, 0, -1, -1], [1, -1, -1, 0, -1, -1, 8, 0], [1, -1, -1, 0, -1, 1, 8, -1], [1, -1, 1, -1, -1, -1, 7, -1], [1, -1, 1, -1, -1, 0, 2, -1], [1, -1, 1, 0, -1, -1, 8, -1], [1, -1, 0, -1, -1, -1, 8, 0], [1, -1, 0, 0, -1, -1, 8, -1], [1, -1, 0, 0, -1, 0, 5, -1], [1, 2, -1, 2, -1, -1, -1, 0], [1, 2, -1, 2, 0, -1, -1, -1], [1, 1, -1, -1, -1, -1, 8, -1], [1, 1, -1, -1, -1, 0, 5, -1], [1, 1, -1, 0, -1, -1, 5, 0], [1, 1, 1, 1, -1, -1, -1, -1], [0, -1, -1, -1, 2, 0, 7, -1], [0, -1, -1, -1, 1, 0, 4, -1], [0, -1, -1, -1, 0, 1, 6, -1], [0, -1, -1, 5, 1, -1, -1, -1], [0, -1, -1, 1, -1, -1, 4, -1], [0, -1, 2, -1, 1, 0, -1, -1], [0, -1, 1, -1, -1, 1, 4, -1], [0, -1, 1, -1, 1, 0, 7, -1], [0, -1, 1, 5, -1, -1, 2, -1], [0, -1, 1, 0, 1, -1, 7, -1], [0, -1, 0, -1, -1, 1, 6, 0], [0, -1, 0, 5, -1, -1, -1, 0], [0, -1, 0, 0, -1, 1, 6, -1], [0, -1, 0, 0, -1, 1, 3, -1], [0, 2, -1, -1, -1, -1, 5, -1], [0, 2, -1, -1, -1, 1, 6, 0], [0, 2, -1, -1, -1, 1, 3, -1], [0, 2, -1, -1, 1, -1, 6, -1], [0, 2, -1, 0, 0, -1, 6, 0], [0, 2, 1, -1, 1, 0, -1, -1], [0, 2, 0, -1, -1, -1, 6, -1], [0, 2, 0, -1, -1, -1, 2, -1], [0, 2, 0, -1, 0, -1, 3, -1], [0, 2, 0, -1, 0, 1, -1, 0], [0, 2, 0, 0, -1, -1, 3, -1], [0, 1, -1, -1, -1, 1, 6, -1], [0, 1, -1, -1, 1, -1, 4, -1], [0, 1, 3, -1, -1, 0, 2, -1], [0, 1, 3, 0, -1, -1, 2, -1], [0, 1, 1, -1, 0, -1, 6, -1], [0, 1, 1, 5, -1, -1, -1, -1]]
20 40 
 [[-1, -1, -1, -1, -1, 1, 5, -1], [-1, -1, -1, -1, 0, 1, 9, -1], [-1, -1, -1, 1, -1, -1, 6, -1], [-1, -1, -1, 1, 1, 0, -1, -1], [-1, -1, -1, 1, 0, -1, 4, -1], [-1, -1, 3, -1, -1, -1, 4, -1], [-1, -1, 2, -1, -1, -1, 5, -1], [-1, -1, 1, -1, -1, -1, 5, -1], [-1, -1, 1, -1, 0, -1, 9, -1], [-1, -1, 1, 4, -1, -1, -1, -1], [-1, -1, 0, 0, -1, 1, 3, 0], [-1, -1, 0, 0, 0, 1, 6, 0], [-1, 2, -1, -1, -1, -1, 9, -1], [-1, 2, -1, -1, 0, -1, 5, 0], [-1, 2, 0, 0, -1, -1, 2, -1], [-1, 1, -1, 1, 1, -1, -1, -1], [-1, 1, 1, -1, -1, 1, 4, -1], [-1, 1, 0, 0, 0, 1, 6, -1], [1, -1, -1, -1, -1, -1, 9, -1], [1, -1, -1, -1, 0, -1, 8, -1], [1, -1, -1, 0, -1, -1, 8, 0], [1, -1, 0, 0, -1, 0, 5, -1], [1, 1, -1, -1, -1, -1, 8, -1], [1, 1, -1, -1, -1, 0, 5, -1], [1, 1, -1, 0, -1, -1, 5, 0], [0, -1, -1, -1, 1, 0, 4, -1], [0, -1, -1, -1, 0, 1, 6, -1], [0, -1, -1, 1, -1, -1, 4, -1], [0, -1, 1, -1, -1, 1, 4, -1], [0, -1, 0, -1, -1, 1, 6, 0], [0, -1, 0, 5, -1, -1, -1, 0], [0, -1, 0, 0, -1, 1, 6, -1], [0, -1, 0, 0, -1, 1, 3, -1], [0, 2, -1, -1, -1, -1, 5, -1], [0, 2, -1, 0, 0, -1, 6, 0], [0, 2, 0, -1, -1, -1, 6, -1], [0, 2, 0, -1, -1, -1, 2, -1], [0, 2, 0, -1, 0, 1, -1, 0], [0, 1, -1, -1, -1, 1, 6, -1], [0, 1, 1, -1, 0, -1, 6, -1]]
30 19 
 [[-1, -1, -1, -1, -1, 1, 5, -1], [-1, -1, -1, -1, 0, 1, 9, -1], [-1, -1, 1, -1, -1, -1, 5, -1], [-1, -1, 1, 4, -1, -1, -1, -1], [-1, -1, 0, 0, -1, 1, 3, 0], [-1, -1, 0, 0, 0, 1, 6, 0], [-1, 2, -1, -1, 0, -1, 5, 0], [-1, 1, 1, -1, -1, 1, 4, -1], [1, 1, -1, -1, -1, 0, 5, -1], [1, 1, -1, 0, -1, -1, 5, 0], [0, -1, -1, -1, 0, 1, 6, -1], [0, -1, 1, -1, -1, 1, 4, -1], [0, -1, 0, -1, -1, 1, 6, 0], [0, -1, 0, 0, -1, 1, 6, -1], [0, 2, -1, -1, -1, -1, 5, -1], [0, 2, 0, -1, -1, -1, 6, -1], [0, 2, 0, -1, 0, 1, -1, 0], [0, 1, -1, -1, -1, 1, 6, -1], [0, 1, 1, -1, 0, -1, 6, -1]]
40 8 
 [[-1, -1, -1, -1, -1, 1, 5, -1], [-1, -1, 1, -1, -1, -1, 5, -1], [1, 1, -1, 0, -1, -1, 5, 0], [0, -1, -1, -1, 0, 1, 6, -1], [0, -1, 1, -1, -1, 1, 4, -1], [0, 2, -1, -1, -1, -1, 5, -1], [0, 2, 0, -1, 0, 1, -1, 0], [0, 1, -1, -1, -1, 1, 6, -1]]
50 3 
 [[-1, -1, -1, -1, -1, 1, 5, -1], [-1, -1, 1, -1, -1, -1, 5, -1], [0, 2, 0, -1, 0, 1, -1, 0]]
60 2 
 [[-1, -1, -1, -1, -1, 1, 5, -1], [-1, -1, 1, -1, -1, -1, 5, -1]]
70 2 
 [[-1, -1, -1, -1, -1, 1, 5, -1], [-1, -1, 1, -1, -1, -1, 5, -1]]
80 2 
 [[-1, -1, -1, -1, -1, 1, 5, -1], [-1, -1, 1, -1, -1, -1, 5, -1]]
90 2 
 [[-1, -1, -1, -1, -1, 1, 5, -1], [-1, -1, 1, -1, -1, -1, 5, -1]]
100 2 
 [[-1, -1, -1, -1, -1, 1, 5, -1], [-1, -1, 1, -1, -1, -1, 5, -1]]
