overall accuracy: 0.6359941944847605
execution time
10 55.9137601852417
20 62.56419801712036
30 56.183342695236206
40 56.445565938949585
50 57.36071300506592
60 59.59077715873718
70 59.602739095687866
80 58.44461917877197
90 58.67434310913086
100 57.04820394515991


number of calculations
10 1306799.0
20 1306799.0
30 1306799.0
40 1306799.0
50 1306799.0
60 1306799.0
70 1306799.0
80 1306799.0
90 1306799.0
100 1306799.0


number of patterns found
10 96 
 [[1, -1, -1, -1, -1, -1, 9, -1], [-1, 2, -1, 4, -1, -1, -1, -1], [-1, 2, -1, -1, -1, -1, 9, -1], [-1, -1, 1, 4, -1, -1, -1, -1], [-1, -1, 3, -1, 1, -1, -1, -1], [-1, -1, 1, -1, -1, -1, 5, -1], [-1, -1, 2, -1, -1, -1, 5, -1], [-1, -1, 3, -1, -1, -1, 4, -1], [-1, -1, 3, -1, -1, -1, 5, -1], [-1, -1, -1, 6, -1, 0, -1, -1], [-1, -1, -1, 1, -1, -1, 6, -1], [-1, -1, -1, 1, -1, -1, 8, -1], [-1, -1, -1, 1, -1, -1, 9, -1], [-1, -1, -1, 5, -1, -1, 4, -1], [-1, -1, -1, -1, 1, -1, 2, -1], [-1, -1, -1, -1, -1, 1, 5, -1], [0, 2, -1, -1, -1, -1, 5, -1], [1, 1, -1, -1, -1, -1, 8, -1], [1, -1, 1, -1, -1, -1, 7, -1], [0, -1, -1, 5, 1, -1, -1, -1], [1, -1, -1, 2, -1, 0, -1, -1], [0, -1, -1, 1, -1, -1, 4, -1], [1, -1, -1, -1, 0, -1, 8, -1], [-1, 2, 0, 2, -1, -1, -1, -1], [-1, 1, -1, 1, 1, -1, -1, -1], [-1, 1, -1, 1, -1, -1, 4, -1], [-1, 2, -1, -1, 1, -1, 7, -1], [-1, 2, -1, -1, 2, -1, 7, -1], [-1, -1, 0, 2, -1, -1, 1, -1], [-1, -1, 1, -1, 0, -1, 9, -1], [-1, -1, 1, -1, 1, -1, 4, -1], [-1, -1, 1, -1, -1, 1, 7, -1], [-1, -1, 3, -1, -1, 0, 3, -1], [-1, -1, -1, 1, 1, 0, -1, -1], [-1, -1, -1, 1, 0, -1, 4, -1], [-1, -1, -1, 5, 1, -1, -1, 0], [-1, -1, -1, 1, -1, 0, 4, -1], [-1, -1, -1, -1, 0, 1, 9, -1], [0, 1, 1, 5, -1, -1, -1, -1], [1, 1, 1, 1, -1, -1, -1, -1], [0, 2, 0, -1, -1, -1, 2, -1], [0, 2, 0, -1, -1, -1, 6, -1], [1, 2, -1, 2, 0, -1, -1, -1], [1, 2, -1, 2, -1, -1, -1, 0], [0, 1, -1, -1, 1, -1, 4, -1], [0, 2, -1, -1, 1, -1, 6, -1], [0, 1, -1, -1, -1, 1, 6, -1], [0, 2, -1, -1, -1, 1, 3, -1], [1, 1, -1, -1, -1, 0, 5, -1], [0, -1, 1, 5, -1, -1, 2, -1], [1, -1, 0, 0, -1, -1, 8, -1], [1, -1, 1, 0, -1, -1, 8, -1], [0, -1, 0, 5, -1, -1, -1, 0], [0, -1, 2, -1, 1, 0, -1, -1], [0, -1, 1, -1, -1, 1, 4, -1], [1, -1, 1, -1, -1, 0, 2, -1], [1, -1, 0, -1, -1, -1, 8, 0], [1, -1, -1, 0, -1, 1, 8, -1], [1, -1, -1, 0, -1, -1, 8, 0], [0, -1, -1, -1, 0, 1, 6, -1], [0, -1, -1, -1, 1, 0, 4, -1], [0, -1, -1, -1, 2, 0, 7, -1], [1, -1, -1, -1, -1, 1, 8, 0], [-1, 2, 0, 0, -1, -1, 2, -1], [-1, 2, 0, 5, -1, -1, -1, 0], [-1, 2, 0, -1, 0, -1, 5, -1], [-1, 1, 1, -1, -1, 1, 4, -1], [-1, 1, -1, 5, 0, 0, -1, -1], [-1, 1, -1, 0, 1, -1, 4, -1], [-1, 1, -1, -1, 1, 0, 4, -1], [-1, 2, -1, -1, 1, 0, 4, -1], [-1, 2, -1, -1, 1, 0, 6, -1], [-1, 2, -1, -1, 0, -1, 5, 0], [-1, -1, -1, 0, 1, 0, 4, -1], [0, 1, 3, 0, -1, -1, 2, -1], [0, 2, 0, 0, -1, -1, 3, -1], [0, 2, 1, -1, 1, 0, -1, -1], [0, 1, 1, -1, 0, -1, 6, -1], [0, 2, 0, -1, 0, -1, 3, -1], [0, 1, 3, -1, -1, 0, 2, -1], [1, 1, -1, 0, -1, -1, 5, 0], [0, 2, -1, -1, -1, 1, 6, 0], [0, -1, 1, 0, 1, -1, 7, -1], [0, -1, 0, 0, -1, 1, 3, -1], [0, -1, 0, 0, -1, 1, 6, -1], [1, -1, 0, 0, -1, 0, 5, -1], [0, -1, 1, -1, 1, 0, 7, -1], [0, -1, 0, -1, -1, 1, 6, 0], [-1, -1, 1, 0, 1, 0, 7, -1], [-1, -1, 0, 0, -1, 1, 3, 0], [0, 2, 0, -1, 0, 1, -1, 0], [0, 2, -1, 0, 0, -1, 6, 0], [-1, 1, 0, 0, 0, 1, 6, -1], [-1, 2, 0, 0, 0, 0, 6, -1], [-1, 2, 0, 0, 0, -1, 6, 0], [-1, -1, 0, 0, 0, 1, 6, 0]]
20 40 
 [[1, -1, -1, -1, -1, -1, 9, -1], [-1, 2, -1, -1, -1, -1, 9, -1], [-1, -1, 1, 4, -1, -1, -1, -1], [-1, -1, 1, -1, -1, -1, 5, -1], [-1, -1, 2, -1, -1, -1, 5, -1], [-1, -1, 3, -1, -1, -1, 4, -1], [-1, -1, -1, 1, -1, -1, 6, -1], [-1, -1, -1, -1, -1, 1, 5, -1], [0, 2, -1, -1, -1, -1, 5, -1], [1, 1, -1, -1, -1, -1, 8, -1], [0, -1, -1, 1, -1, -1, 4, -1], [1, -1, -1, -1, 0, -1, 8, -1], [-1, 1, -1, 1, 1, -1, -1, -1], [-1, -1, 1, -1, 0, -1, 9, -1], [-1, -1, -1, 1, 1, 0, -1, -1], [-1, -1, -1, 1, 0, -1, 4, -1], [-1, -1, -1, -1, 0, 1, 9, -1], [0, 2, 0, -1, -1, -1, 2, -1], [0, 2, 0, -1, -1, -1, 6, -1], [0, 1, -1, -1, -1, 1, 6, -1], [1, 1, -1, -1, -1, 0, 5, -1], [0, -1, 0, 5, -1, -1, -1, 0], [0, -1, 1, -1, -1, 1, 4, -1], [1, -1, -1, 0, -1, -1, 8, 0], [0, -1, -1, -1, 0, 1, 6, -1], [0, -1, -1, -1, 1, 0, 4, -1], [-1, 2, 0, 0, -1, -1, 2, -1], [-1, 1, 1, -1, -1, 1, 4, -1], [-1, 2, -1, -1, 0, -1, 5, 0], [0, 1, 1, -1, 0, -1, 6, -1], [1, 1, -1, 0, -1, -1, 5, 0], [0, -1, 0, 0, -1, 1, 3, -1], [0, -1, 0, 0, -1, 1, 6, -1], [1, -1, 0, 0, -1, 0, 5, -1], [0, -1, 0, -1, -1, 1, 6, 0], [-1, -1, 0, 0, -1, 1, 3, 0], [0, 2, 0, -1, 0, 1, -1, 0], [0, 2, -1, 0, 0, -1, 6, 0], [-1, 1, 0, 0, 0, 1, 6, -1], [-1, -1, 0, 0, 0, 1, 6, 0]]
30 19 
 [[-1, -1, 1, 4, -1, -1, -1, -1], [-1, -1, 1, -1, -1, -1, 5, -1], [-1, -1, -1, -1, -1, 1, 5, -1], [0, 2, -1, -1, -1, -1, 5, -1], [-1, -1, -1, -1, 0, 1, 9, -1], [0, 2, 0, -1, -1, -1, 6, -1], [0, 1, -1, -1, -1, 1, 6, -1], [1, 1, -1, -1, -1, 0, 5, -1], [0, -1, 1, -1, -1, 1, 4, -1], [0, -1, -1, -1, 0, 1, 6, -1], [-1, 1, 1, -1, -1, 1, 4, -1], [-1, 2, -1, -1, 0, -1, 5, 0], [0, 1, 1, -1, 0, -1, 6, -1], [1, 1, -1, 0, -1, -1, 5, 0], [0, -1, 0, 0, -1, 1, 6, -1], [0, -1, 0, -1, -1, 1, 6, 0], [-1, -1, 0, 0, -1, 1, 3, 0], [0, 2, 0, -1, 0, 1, -1, 0], [-1, -1, 0, 0, 0, 1, 6, 0]]
40 8 
 [[-1, -1, 1, -1, -1, -1, 5, -1], [-1, -1, -1, -1, -1, 1, 5, -1], [0, 2, -1, -1, -1, -1, 5, -1], [0, 1, -1, -1, -1, 1, 6, -1], [0, -1, 1, -1, -1, 1, 4, -1], [0, -1, -1, -1, 0, 1, 6, -1], [1, 1, -1, 0, -1, -1, 5, 0], [0, 2, 0, -1, 0, 1, -1, 0]]
50 3 
 [[-1, -1, 1, -1, -1, -1, 5, -1], [-1, -1, -1, -1, -1, 1, 5, -1], [0, 2, 0, -1, 0, 1, -1, 0]]
60 2 
 [[-1, -1, 1, -1, -1, -1, 5, -1], [-1, -1, -1, -1, -1, 1, 5, -1]]
70 2 
 [[-1, -1, 1, -1, -1, -1, 5, -1], [-1, -1, -1, -1, -1, 1, 5, -1]]
80 2 
 [[-1, -1, 1, -1, -1, -1, 5, -1], [-1, -1, -1, -1, -1, 1, 5, -1]]
90 2 
 [[-1, -1, 1, -1, -1, -1, 5, -1], [-1, -1, -1, -1, -1, 1, 5, -1]]
100 2 
 [[-1, -1, 1, -1, -1, -1, 5, -1], [-1, -1, -1, -1, -1, 1, 5, -1]]
