execution time
30000 0.8371479511260986 20.383275985717773
35000 2.2628960609436035 53.92113780975342
40000 3.9698479175567627 90.06287693977356
45000 7.048456907272339 127.74395394325256
50000 11.025525093078613 154.84575414657593
55000 14.948981046676636 185.14053082466125
60000 21.287348985671997 214.63167810440063


number of patterns visited
30000 18149.0 414719.0
35000 21292.0 414719.0
40000 25436.0 414719.0
45000 34446.0 414719.0
50000 43390.0 414719.0
55000 49712.0 414719.0
60000 57431.0 414719.0
