overall accuracy: 0.7788666666666667
execution time
10 1.3494782447814941
20 1.1197700500488281
30 1.006316900253296
40 0.8926329612731934
50 0.8282668590545654
60 0.7642018795013428
70 0.7324619293212891
80 0.6901888847351074
90 0.6743471622467041
100 0.6400978565216064


number of calculations
10 30075.0
20 24891.0
30 22072.0
40 19831.0
50 17942.0
60 16538.0
70 15623.0
80 14712.0
90 14047.0
100 13253.0


number of patterns found
10 125 
 [[-2, -2, -2, -2, -2, -2, 6], [-2, -2, -2, -2, -2, -2, 5], [-2, -2, -2, -2, -2, 7, -2], [-2, -2, -2, -2, -2, 6, -2], [-2, -2, -2, -2, -2, 3, 4], [-2, -2, -2, -2, 2, -2, 1], [-2, -2, -2, -2, 2, -2, 0], [-2, -2, -2, -2, 2, 3, -2], [-2, -2, -2, -2, 1, 3, 1], [-2, -2, -2, -2, 1, 1, 4], [-2, -2, -2, 3, -2, -2, 4], [-2, -2, -2, 3, -2, 4, -2], [-2, -2, -2, 3, -2, 3, -2], [-2, -2, -2, 2, 1, 4, 2], [-2, -2, -2, 1, -2, -2, 7], [-2, -2, -2, 1, -2, 3, -2], [-2, -2, -2, 1, 0, 5, 4], [-2, -2, 6, -2, -2, -2, -2], [-2, -2, 3, -2, -2, 4, 1], [-2, -2, 3, -2, -2, 3, -2], [-2, -2, 3, -2, 2, -2, 4], [-2, -2, 3, -2, 1, 5, -2], [-2, -2, 3, -2, 0, -2, 4], [-2, -2, 3, 2, -2, 4, 2], [-2, -2, 3, 1, 0, 4, -2], [-2, -2, 2, -2, -2, 3, -2], [-2, -2, 2, -2, -2, 1, 4], [-2, -2, 2, 2, 0, -2, 4], [-2, -2, 2, 1, -2, 5, 4], [-2, -2, 2, 1, 2, 1, -2], [-2, -2, 2, 1, 1, 4, 2], [-2, -2, 2, 1, 0, 5, -2], [-2, -2, 1, -2, 1, 5, -2], [-2, -2, 1, -2, 0, 4, 2], [-2, -2, 1, 3, -2, -2, -2], [-2, -2, 1, 2, 1, -2, 4], [-2, -2, 1, 2, 1, 4, -2], [-2, -2, 1, 1, -2, 5, -2], [-2, -2, 1, 1, -2, 4, 1], [-2, -2, 1, 1, -2, 1, 4], [-2, -2, 1, 1, 2, 1, -2], [-2, 2, -2, -2, -2, 1, 4], [-2, 2, -2, -2, 2, 4, -2], [-2, 2, -2, -2, 1, 4, 1], [-2, 2, -2, 1, -2, 5, -2], [-2, 2, -2, 1, 0, -2, 4], [-2, 2, 3, -2, -2, 4, 2], [-2, 2, 3, -2, 0, 4, -2], [-2, 2, 3, 2, 1, -2, 0], [-2, 2, 3, 2, 1, 1, 1], [-2, 2, 3, 1, -2, -2, 4], [-2, 2, 2, -2, -2, -2, 4], [-2, 2, 1, -2, -2, 4, 2], [-2, 2, 1, -2, 2, -2, -2], [-2, 2, 1, 1, -2, 2, 1], [-2, 2, 1, 1, 0, 4, -2], [-2, 1, -2, -2, 1, 4, 2], [-2, 1, -2, -2, 1, 3, -2], [-2, 1, -2, 3, 1, 2, 2], [-2, 1, -2, 2, 2, -2, 2], [-2, 1, -2, 2, 2, 2, -2], [-2, 1, -2, 2, 1, -2, 4], [-2, 1, -2, 2, 1, 4, -2], [-2, 1, -2, 1, -2, 1, 4], [-2, 1, 3, -2, -2, 5, -2], [-2, 1, 3, -2, 1, 4, -2], [-2, 1, 3, 2, -2, -2, 4], [-2, 1, 2, -2, 2, 1, -2], [-2, 1, 2, 3, 1, -2, 2], [-2, 1, 2, 3, 1, 2, -2], [-2, 1, 2, 1, -2, 4, 2], [3, 2, -2, -2, 0, -2, -2], [2, -2, -2, -2, 0, 4, -2], [2, -2, -2, 1, -2, 2, 1], [2, -2, 2, -2, -2, -2, 4], [2, 2, -2, -2, -2, 4, -2], [2, 2, -2, 1, 1, 1, 1], [2, 2, 1, -2, 1, 1, 1], [2, 2, 1, 1, 1, -2, 1], [2, 2, 1, 1, 1, 1, -2], [2, 1, -2, -2, 0, -2, 4], [1, -2, -2, -2, -2, 4, 2], [1, -2, -2, -2, 1, -2, 4], [1, -2, -2, -2, 1, 4, -2], [1, -2, -2, -2, 1, 3, -2], [1, -2, -2, 2, -2, 4, -2], [1, -2, -2, 1, 2, 1, -2], [1, -2, 3, 2, 1, -2, 0], [1, -2, 3, 2, 1, 0, -2], [1, -2, 3, 1, -2, 4, -2], [1, -2, 2, -2, 2, -2, -2], [1, -2, 2, -2, 0, 2, 1], [1, -2, 2, 2, -2, -2, 4], [1, 2, -2, -2, -2, 4, -2], [1, 2, -2, 1, 0, 2, 1], [1, 2, 3, -2, -2, -2, 4], [1, 2, 3, 2, -2, -2, 0], [1, 2, 3, 2, 1, -2, -2], [1, 2, 2, 2, 1, -2, 1], [1, 1, -2, -2, -2, 3, 1], [1, 1, -2, -2, -2, 3, 0], [1, 1, 2, 1, -2, 4, 4], [1, 1, 1, 2, 1, -2, 1], [1, 1, 1, 2, 1, 1, -2], [0, -2, -2, -2, -2, 1, 4], [0, -2, -2, 1, -2, 5, 4], [0, -2, -2, 1, 0, -2, 4], [0, -2, -2, 1, 0, 5, -2], [0, -2, 3, -2, -2, 5, -2], [0, -2, 3, 2, 1, 1, 1], [0, -2, 2, -2, 0, -2, 4], [0, -2, 1, -2, 1, -2, 4], [0, -2, 1, 1, 0, 4, -2], [0, 2, -2, -2, 0, -2, 4], [0, 2, 3, 2, 1, -2, 1], [0, 2, 1, -2, -2, 5, 4], [0, 1, -2, -2, -2, 3, -2], [0, 1, -2, -2, -2, 0, 1], [0, 1, 3, -2, -2, -2, 4], [0, 1, 3, -2, -2, 2, 1], [0, 1, 2, 3, -2, -2, -2], [0, 1, 1, -2, 1, -2, 0], [0, 1, 1, -2, 1, 4, -2], [0, 1, 1, 1, -2, -2, 4], [0, 1, 1, 1, -2, -2, 0]]
20 79 
 [[-2, -2, -2, -2, -2, -2, 6], [-2, -2, -2, -2, -2, -2, 5], [-2, -2, -2, -2, -2, 6, -2], [-2, -2, -2, -2, -2, 3, 4], [-2, -2, -2, -2, 2, -2, 1], [-2, -2, -2, -2, 2, -2, 0], [-2, -2, -2, -2, 2, 3, -2], [-2, -2, -2, -2, 1, 3, 1], [-2, -2, -2, -2, 1, 1, 4], [-2, -2, -2, 3, -2, -2, 4], [-2, -2, -2, 3, -2, 3, -2], [-2, -2, -2, 2, 1, 4, 2], [-2, -2, -2, 1, -2, 3, -2], [-2, -2, -2, 1, 0, 5, 4], [-2, -2, 6, -2, -2, -2, -2], [-2, -2, 3, -2, -2, 3, -2], [-2, -2, 3, -2, 0, -2, 4], [-2, -2, 3, 2, -2, 4, 2], [-2, -2, 3, 1, 0, 4, -2], [-2, -2, 2, -2, -2, 3, -2], [-2, -2, 2, -2, -2, 1, 4], [-2, -2, 2, 2, 0, -2, 4], [-2, -2, 2, 1, -2, 5, 4], [-2, -2, 2, 1, 1, 4, 2], [-2, -2, 2, 1, 0, 5, -2], [-2, -2, 1, -2, 0, 4, 2], [-2, -2, 1, 3, -2, -2, -2], [-2, -2, 1, 2, 1, -2, 4], [-2, -2, 1, 1, -2, 1, 4], [-2, 2, -2, -2, -2, 1, 4], [-2, 2, -2, 1, -2, 5, -2], [-2, 2, -2, 1, 0, -2, 4], [-2, 2, 3, -2, -2, 4, 2], [-2, 2, 3, -2, 0, 4, -2], [-2, 2, 3, 2, 1, -2, 0], [-2, 2, 3, 2, 1, 1, 1], [-2, 2, 3, 1, -2, -2, 4], [-2, 2, 2, -2, -2, -2, 4], [-2, 2, 1, -2, -2, 4, 2], [-2, 2, 1, 1, 0, 4, -2], [-2, 1, -2, -2, 1, 4, 2], [-2, 1, -2, -2, 1, 3, -2], [-2, 1, -2, 3, 1, 2, 2], [-2, 1, -2, 2, 1, -2, 4], [-2, 1, -2, 2, 1, 4, -2], [-2, 1, -2, 1, -2, 1, 4], [-2, 1, 3, -2, 1, 4, -2], [-2, 1, 3, 2, -2, -2, 4], [-2, 1, 2, 1, -2, 4, 2], [2, 2, -2, 1, 1, 1, 1], [2, 2, 1, -2, 1, 1, 1], [1, -2, -2, -2, -2, 4, 2], [1, -2, -2, -2, 1, -2, 4], [1, -2, -2, -2, 1, 4, -2], [1, -2, -2, -2, 1, 3, -2], [1, -2, -2, 2, -2, 4, -2], [1, -2, 2, 2, -2, -2, 4], [1, 2, -2, -2, -2, 4, -2], [1, 2, 3, 2, -2, -2, 0], [1, 2, 3, 2, 1, -2, -2], [1, 1, -2, -2, -2, 3, 1], [1, 1, -2, -2, -2, 3, 0], [0, -2, -2, -2, -2, 1, 4], [0, -2, -2, 1, -2, 5, 4], [0, -2, -2, 1, 0, -2, 4], [0, -2, -2, 1, 0, 5, -2], [0, -2, 3, -2, -2, 5, -2], [0, -2, 3, 2, 1, 1, 1], [0, -2, 2, -2, 0, -2, 4], [0, -2, 1, -2, 1, -2, 4], [0, -2, 1, 1, 0, 4, -2], [0, 2, -2, -2, 0, -2, 4], [0, 1, -2, -2, -2, 3, -2], [0, 1, 3, -2, -2, -2, 4], [0, 1, 2, 3, -2, -2, -2], [0, 1, 1, -2, 1, -2, 0], [0, 1, 1, -2, 1, 4, -2], [0, 1, 1, 1, -2, -2, 4], [0, 1, 1, 1, -2, -2, 0]]
30 60 
 [[-2, -2, -2, -2, -2, -2, 6], [-2, -2, -2, -2, -2, -2, 5], [-2, -2, -2, -2, -2, 6, -2], [-2, -2, -2, -2, -2, 3, 4], [-2, -2, -2, -2, 2, -2, 1], [-2, -2, -2, -2, 1, 3, 1], [-2, -2, -2, -2, 1, 1, 4], [-2, -2, -2, 2, 1, 4, 2], [-2, -2, -2, 1, -2, 3, -2], [-2, -2, -2, 1, 0, 5, 4], [-2, -2, 3, -2, -2, 3, -2], [-2, -2, 3, -2, 0, -2, 4], [-2, -2, 3, 2, -2, 4, 2], [-2, -2, 3, 1, 0, 4, -2], [-2, -2, 2, -2, -2, 3, -2], [-2, -2, 2, -2, -2, 1, 4], [-2, -2, 2, 2, 0, -2, 4], [-2, -2, 2, 1, -2, 5, 4], [-2, -2, 2, 1, 1, 4, 2], [-2, -2, 1, -2, 0, 4, 2], [-2, -2, 1, 3, -2, -2, -2], [-2, 2, -2, -2, -2, 1, 4], [-2, 2, -2, 1, -2, 5, -2], [-2, 2, -2, 1, 0, -2, 4], [-2, 2, 3, -2, -2, 4, 2], [-2, 2, 3, -2, 0, 4, -2], [-2, 2, 3, 1, -2, -2, 4], [-2, 2, 2, -2, -2, -2, 4], [-2, 2, 1, -2, -2, 4, 2], [-2, 2, 1, 1, 0, 4, -2], [-2, 1, -2, -2, 1, 4, 2], [-2, 1, -2, -2, 1, 3, -2], [-2, 1, -2, 2, 1, -2, 4], [-2, 1, -2, 2, 1, 4, -2], [-2, 1, 3, -2, 1, 4, -2], [-2, 1, 3, 2, -2, -2, 4], [-2, 1, 2, 1, -2, 4, 2], [2, 2, -2, 1, 1, 1, 1], [1, -2, -2, -2, -2, 4, 2], [1, -2, -2, -2, 1, -2, 4], [1, -2, -2, -2, 1, 4, -2], [1, -2, -2, -2, 1, 3, -2], [1, -2, -2, 2, -2, 4, -2], [1, -2, 2, 2, -2, -2, 4], [1, 2, -2, -2, -2, 4, -2], [1, 2, 3, 2, 1, -2, -2], [1, 1, -2, -2, -2, 3, 1], [1, 1, -2, -2, -2, 3, 0], [0, -2, -2, -2, -2, 1, 4], [0, -2, -2, 1, -2, 5, 4], [0, -2, -2, 1, 0, -2, 4], [0, -2, -2, 1, 0, 5, -2], [0, -2, 2, -2, 0, -2, 4], [0, -2, 1, -2, 1, -2, 4], [0, -2, 1, 1, 0, 4, -2], [0, 2, -2, -2, 0, -2, 4], [0, 1, -2, -2, -2, 3, -2], [0, 1, 3, -2, -2, -2, 4], [0, 1, 1, 1, -2, -2, 4], [0, 1, 1, 1, -2, -2, 0]]
40 44 
 [[-2, -2, -2, -2, -2, -2, 6], [-2, -2, -2, -2, -2, -2, 5], [-2, -2, -2, -2, -2, 3, 4], [-2, -2, -2, -2, 1, 3, 1], [-2, -2, -2, -2, 1, 1, 4], [-2, -2, -2, 1, -2, 3, -2], [-2, -2, 3, -2, -2, 3, -2], [-2, -2, 3, -2, 0, -2, 4], [-2, -2, 3, 2, -2, 4, 2], [-2, -2, 3, 1, 0, 4, -2], [-2, -2, 2, -2, -2, 3, -2], [-2, -2, 2, -2, -2, 1, 4], [-2, -2, 2, 2, 0, -2, 4], [-2, -2, 1, -2, 0, 4, 2], [-2, 2, -2, -2, -2, 1, 4], [-2, 2, -2, 1, 0, -2, 4], [-2, 2, 3, -2, -2, 4, 2], [-2, 2, 3, -2, 0, 4, -2], [-2, 2, 3, 1, -2, -2, 4], [-2, 2, 2, -2, -2, -2, 4], [-2, 2, 1, -2, -2, 4, 2], [-2, 1, -2, -2, 1, 4, 2], [-2, 1, -2, -2, 1, 3, -2], [-2, 1, -2, 2, 1, -2, 4], [-2, 1, -2, 2, 1, 4, -2], [-2, 1, 3, -2, 1, 4, -2], [-2, 1, 3, 2, -2, -2, 4], [1, -2, -2, -2, -2, 4, 2], [1, -2, -2, -2, 1, -2, 4], [1, -2, -2, -2, 1, 4, -2], [1, -2, -2, -2, 1, 3, -2], [1, -2, -2, 2, -2, 4, -2], [1, -2, 2, 2, -2, -2, 4], [1, 2, -2, -2, -2, 4, -2], [1, 2, 3, 2, 1, -2, -2], [1, 1, -2, -2, -2, 3, 0], [0, -2, -2, -2, -2, 1, 4], [0, -2, -2, 1, -2, 5, 4], [0, -2, -2, 1, 0, -2, 4], [0, -2, 2, -2, 0, -2, 4], [0, -2, 1, -2, 1, -2, 4], [0, 2, -2, -2, 0, -2, 4], [0, 1, -2, -2, -2, 3, -2], [0, 1, 3, -2, -2, -2, 4]]
50 38 
 [[-2, -2, -2, -2, -2, -2, 6], [-2, -2, -2, -2, -2, -2, 5], [-2, -2, -2, -2, -2, 3, 4], [-2, -2, -2, -2, 1, 3, 1], [-2, -2, -2, 1, -2, 3, -2], [-2, -2, 3, -2, -2, 3, -2], [-2, -2, 3, -2, 0, -2, 4], [-2, -2, 3, 1, 0, 4, -2], [-2, -2, 2, -2, -2, 3, -2], [-2, -2, 2, -2, -2, 1, 4], [-2, -2, 2, 2, 0, -2, 4], [-2, -2, 1, -2, 0, 4, 2], [-2, 2, -2, -2, -2, 1, 4], [-2, 2, -2, 1, 0, -2, 4], [-2, 2, 3, -2, -2, 4, 2], [-2, 2, 3, -2, 0, 4, -2], [-2, 2, 3, 1, -2, -2, 4], [-2, 2, 2, -2, -2, -2, 4], [-2, 2, 1, -2, -2, 4, 2], [-2, 1, -2, -2, 1, 4, 2], [-2, 1, -2, -2, 1, 3, -2], [-2, 1, -2, 2, 1, -2, 4], [-2, 1, 3, -2, 1, 4, -2], [-2, 1, 3, 2, -2, -2, 4], [1, -2, -2, -2, -2, 4, 2], [1, -2, -2, -2, 1, -2, 4], [1, -2, -2, -2, 1, 4, -2], [1, -2, -2, -2, 1, 3, -2], [1, -2, -2, 2, -2, 4, -2], [1, 2, -2, -2, -2, 4, -2], [1, 1, -2, -2, -2, 3, 0], [0, -2, -2, -2, -2, 1, 4], [0, -2, -2, 1, 0, -2, 4], [0, -2, 2, -2, 0, -2, 4], [0, -2, 1, -2, 1, -2, 4], [0, 2, -2, -2, 0, -2, 4], [0, 1, -2, -2, -2, 3, -2], [0, 1, 3, -2, -2, -2, 4]]
60 36 
 [[-2, -2, -2, -2, -2, -2, 5], [-2, -2, -2, -2, -2, 3, 4], [-2, -2, -2, -2, 1, 3, 1], [-2, -2, -2, 1, -2, 3, -2], [-2, -2, 3, -2, -2, 3, -2], [-2, -2, 3, -2, 0, -2, 4], [-2, -2, 3, 1, 0, 4, -2], [-2, -2, 2, -2, -2, 3, -2], [-2, -2, 2, -2, -2, 1, 4], [-2, -2, 2, 2, 0, -2, 4], [-2, -2, 1, -2, 0, 4, 2], [-2, 2, -2, -2, -2, 1, 4], [-2, 2, -2, 1, 0, -2, 4], [-2, 2, 3, -2, 0, 4, -2], [-2, 2, 3, 1, -2, -2, 4], [-2, 2, 2, -2, -2, -2, 4], [-2, 2, 1, -2, -2, 4, 2], [-2, 1, -2, -2, 1, 4, 2], [-2, 1, -2, -2, 1, 3, -2], [-2, 1, -2, 2, 1, -2, 4], [-2, 1, 3, -2, 1, 4, -2], [-2, 1, 3, 2, -2, -2, 4], [1, -2, -2, -2, -2, 4, 2], [1, -2, -2, -2, 1, -2, 4], [1, -2, -2, -2, 1, 4, -2], [1, -2, -2, -2, 1, 3, -2], [1, -2, -2, 2, -2, 4, -2], [1, 2, -2, -2, -2, 4, -2], [1, 1, -2, -2, -2, 3, 0], [0, -2, -2, -2, -2, 1, 4], [0, -2, -2, 1, 0, -2, 4], [0, -2, 2, -2, 0, -2, 4], [0, -2, 1, -2, 1, -2, 4], [0, 2, -2, -2, 0, -2, 4], [0, 1, -2, -2, -2, 3, -2], [0, 1, 3, -2, -2, -2, 4]]
70 30 
 [[-2, -2, -2, -2, -2, -2, 5], [-2, -2, -2, -2, -2, 3, 4], [-2, -2, -2, -2, 1, 3, 1], [-2, -2, -2, 1, -2, 3, -2], [-2, -2, 3, -2, -2, 3, -2], [-2, -2, 3, -2, 0, -2, 4], [-2, -2, 2, -2, -2, 3, -2], [-2, -2, 2, -2, -2, 1, 4], [-2, -2, 2, 2, 0, -2, 4], [-2, -2, 1, -2, 0, 4, 2], [-2, 2, -2, -2, -2, 1, 4], [-2, 2, -2, 1, 0, -2, 4], [-2, 2, 3, -2, 0, 4, -2], [-2, 2, 3, 1, -2, -2, 4], [-2, 2, 2, -2, -2, -2, 4], [-2, 1, -2, -2, 1, 4, 2], [-2, 1, -2, -2, 1, 3, -2], [-2, 1, 3, 2, -2, -2, 4], [1, -2, -2, -2, -2, 4, 2], [1, -2, -2, -2, 1, -2, 4], [1, -2, -2, -2, 1, 3, -2], [1, -2, -2, 2, -2, 4, -2], [1, 2, -2, -2, -2, 4, -2], [1, 1, -2, -2, -2, 3, 0], [0, -2, -2, -2, -2, 1, 4], [0, -2, -2, 1, 0, -2, 4], [0, -2, 2, -2, 0, -2, 4], [0, 2, -2, -2, 0, -2, 4], [0, 1, -2, -2, -2, 3, -2], [0, 1, 3, -2, -2, -2, 4]]
80 25 
 [[-2, -2, -2, -2, -2, -2, 5], [-2, -2, -2, -2, -2, 3, 4], [-2, -2, -2, -2, 1, 3, 1], [-2, -2, -2, 1, -2, 3, -2], [-2, -2, 3, -2, -2, 3, -2], [-2, -2, 3, -2, 0, -2, 4], [-2, -2, 2, -2, -2, 3, -2], [-2, -2, 2, 2, 0, -2, 4], [-2, -2, 1, -2, 0, 4, 2], [-2, 2, -2, -2, -2, 1, 4], [-2, 2, -2, 1, 0, -2, 4], [-2, 2, 3, 1, -2, -2, 4], [-2, 2, 2, -2, -2, -2, 4], [-2, 1, -2, -2, 1, 3, -2], [1, -2, -2, -2, 1, -2, 4], [1, -2, -2, -2, 1, 3, -2], [1, -2, -2, 2, -2, 4, -2], [1, 2, -2, -2, -2, 4, -2], [1, 1, -2, -2, -2, 3, 0], [0, -2, -2, -2, -2, 1, 4], [0, -2, -2, 1, 0, -2, 4], [0, -2, 2, -2, 0, -2, 4], [0, 2, -2, -2, 0, -2, 4], [0, 1, -2, -2, -2, 3, -2], [0, 1, 3, -2, -2, -2, 4]]
90 22 
 [[-2, -2, -2, -2, -2, -2, 5], [-2, -2, -2, -2, -2, 3, 4], [-2, -2, -2, 1, -2, 3, -2], [-2, -2, 3, -2, -2, 3, -2], [-2, -2, 3, -2, 0, -2, 4], [-2, -2, 2, -2, -2, 3, -2], [-2, -2, 2, 2, 0, -2, 4], [-2, -2, 1, -2, 0, 4, 2], [-2, 2, -2, -2, -2, 1, 4], [-2, 2, -2, 1, 0, -2, 4], [-2, 2, 3, 1, -2, -2, 4], [-2, 2, 2, -2, -2, -2, 4], [-2, 1, -2, -2, 1, 3, -2], [1, -2, -2, -2, 1, 3, -2], [1, 2, -2, -2, -2, 4, -2], [1, 1, -2, -2, -2, 3, 0], [0, -2, -2, -2, -2, 1, 4], [0, -2, -2, 1, 0, -2, 4], [0, -2, 2, -2, 0, -2, 4], [0, 2, -2, -2, 0, -2, 4], [0, 1, -2, -2, -2, 3, -2], [0, 1, 3, -2, -2, -2, 4]]
100 21 
 [[-2, -2, -2, -2, -2, -2, 5], [-2, -2, -2, -2, -2, 3, 4], [-2, -2, -2, 1, -2, 3, -2], [-2, -2, 3, -2, -2, 3, -2], [-2, -2, 3, -2, 0, -2, 4], [-2, -2, 2, -2, -2, 3, -2], [-2, -2, 2, 2, 0, -2, 4], [-2, 2, -2, -2, -2, 1, 4], [-2, 2, -2, 1, 0, -2, 4], [-2, 2, 3, 1, -2, -2, 4], [-2, 2, 2, -2, -2, -2, 4], [-2, 1, -2, -2, 1, 3, -2], [1, -2, -2, -2, 1, 3, -2], [1, 2, -2, -2, -2, 4, -2], [1, 1, -2, -2, -2, 3, 0], [0, -2, -2, -2, -2, 1, 4], [0, -2, -2, 1, 0, -2, 4], [0, -2, 2, -2, 0, -2, 4], [0, 2, -2, -2, 0, -2, 4], [0, 1, -2, -2, -2, 3, -2], [0, 1, 3, -2, -2, -2, 4]]
