overall accuracy: 0.7788666666666667
execution time
10 24.651381969451904
20 23.51844882965088
30 23.217500925064087
40 26.16071391105652
50 22.92737889289856
60 22.768338918685913
70 22.791194915771484
80 22.998692274093628
90 22.810614109039307
100 22.64826774597168


number of calculations
10 414719.0
20 414719.0
30 414719.0
40 414719.0
50 414719.0
60 414719.0
70 414719.0
80 414719.0
90 414719.0
100 414719.0


number of patterns found
10 125 
 [[-1, -1, 6, -1, -1, -1, -1], [-1, -1, -1, -1, -1, 6, -1], [-1, -1, -1, -1, -1, 7, -1], [-1, -1, -1, -1, -1, -1, 5], [-1, -1, -1, -1, -1, -1, 6], [-1, -1, 1, 3, -1, -1, -1], [-1, -1, 2, -1, -1, 3, -1], [-1, -1, 3, -1, -1, 3, -1], [-1, -1, -1, 1, -1, 3, -1], [-1, -1, -1, 3, -1, 3, -1], [-1, -1, -1, 3, -1, 4, -1], [-1, -1, -1, 1, -1, -1, 7], [-1, -1, -1, 3, -1, -1, 4], [-1, -1, -1, -1, 2, 3, -1], [-1, -1, -1, -1, 2, -1, 0], [-1, -1, -1, -1, 2, -1, 1], [-1, -1, -1, -1, -1, 3, 4], [3, 2, -1, -1, 0, -1, -1], [0, 1, -1, -1, -1, 3, -1], [1, 2, -1, -1, -1, 4, -1], [2, 2, -1, -1, -1, 4, -1], [1, -1, 2, -1, 2, -1, -1], [0, -1, 3, -1, -1, 5, -1], [2, -1, 2, -1, -1, -1, 4], [1, -1, -1, 2, -1, 4, -1], [1, -1, -1, -1, 1, 3, -1], [1, -1, -1, -1, 1, 4, -1], [2, -1, -1, -1, 0, 4, -1], [1, -1, -1, -1, 1, -1, 4], [0, -1, -1, -1, -1, 1, 4], [1, -1, -1, -1, -1, 4, 2], [-1, 2, 1, -1, 2, -1, -1], [-1, 1, 3, -1, -1, 5, -1], [-1, 2, 2, -1, -1, -1, 4], [-1, 2, -1, 1, -1, 5, -1], [-1, 1, -1, -1, 1, 3, -1], [-1, 2, -1, -1, 2, 4, -1], [-1, 2, -1, -1, -1, 1, 4], [-1, -1, 1, 1, -1, 5, -1], [-1, -1, 1, -1, 1, 5, -1], [-1, -1, 3, -1, 1, 5, -1], [-1, -1, 3, -1, 0, -1, 4], [-1, -1, 3, -1, 2, -1, 4], [-1, -1, 2, -1, -1, 1, 4], [-1, -1, 3, -1, -1, 4, 1], [-1, -1, -1, -1, 1, 1, 4], [-1, -1, -1, -1, 1, 3, 1], [0, 1, 2, 3, -1, -1, -1], [0, 1, 3, -1, -1, -1, 4], [1, 2, 3, -1, -1, -1, 4], [0, 2, -1, -1, 0, -1, 4], [2, 1, -1, -1, 0, -1, 4], [0, 1, -1, -1, -1, 0, 1], [1, 1, -1, -1, -1, 3, 0], [1, 1, -1, -1, -1, 3, 1], [1, -1, 3, 1, -1, 4, -1], [1, -1, 2, 2, -1, -1, 4], [0, -1, 1, -1, 1, -1, 4], [0, -1, 2, -1, 0, -1, 4], [0, -1, -1, 1, 0, 5, -1], [1, -1, -1, 1, 2, 1, -1], [0, -1, -1, 1, 0, -1, 4], [0, -1, -1, 1, -1, 5, 4], [2, -1, -1, 1, -1, 2, 1], [-1, 1, 3, 2, -1, -1, 4], [-1, 2, 3, 1, -1, -1, 4], [-1, 1, 2, -1, 2, 1, -1], [-1, 1, 3, -1, 1, 4, -1], [-1, 2, 3, -1, 0, 4, -1], [-1, 2, 1, -1, -1, 4, 2], [-1, 2, 3, -1, -1, 4, 2], [-1, 1, -1, 2, 1, 4, -1], [-1, 1, -1, 2, 2, 2, -1], [-1, 1, -1, 2, 1, -1, 4], [-1, 1, -1, 2, 2, -1, 2], [-1, 2, -1, 1, 0, -1, 4], [-1, 1, -1, 1, -1, 1, 4], [-1, 1, -1, -1, 1, 4, 2], [-1, 2, -1, -1, 1, 4, 1], [-1, -1, 1, 1, 2, 1, -1], [-1, -1, 1, 2, 1, 4, -1], [-1, -1, 2, 1, 0, 5, -1], [-1, -1, 2, 1, 2, 1, -1], [-1, -1, 3, 1, 0, 4, -1], [-1, -1, 1, 2, 1, -1, 4], [-1, -1, 2, 2, 0, -1, 4], [-1, -1, 1, 1, -1, 1, 4], [-1, -1, 1, 1, -1, 4, 1], [-1, -1, 2, 1, -1, 5, 4], [-1, -1, 3, 2, -1, 4, 2], [-1, -1, 1, -1, 0, 4, 2], [-1, -1, -1, 1, 0, 5, 4], [-1, -1, -1, 2, 1, 4, 2], [1, 2, 3, 2, 1, -1, -1], [0, 1, 1, 1, -1, -1, 0], [0, 1, 1, 1, -1, -1, 4], [1, 2, 3, 2, -1, -1, 0], [0, 1, 1, -1, 1, 4, -1], [0, 1, 1, -1, 1, -1, 0], [0, 1, 3, -1, -1, 2, 1], [0, 2, 1, -1, -1, 5, 4], [0, -1, 1, 1, 0, 4, -1], [1, -1, 3, 2, 1, 0, -1], [1, -1, 3, 2, 1, -1, 0], [1, -1, 2, -1, 0, 2, 1], [-1, 1, 2, 3, 1, 2, -1], [-1, 2, 1, 1, 0, 4, -1], [-1, 1, 2, 3, 1, -1, 2], [-1, 2, 3, 2, 1, -1, 0], [-1, 1, 2, 1, -1, 4, 2], [-1, 2, 1, 1, -1, 2, 1], [-1, 1, -1, 3, 1, 2, 2], [-1, -1, 2, 1, 1, 4, 2], [1, 1, 1, 2, 1, 1, -1], [2, 2, 1, 1, 1, 1, -1], [0, 2, 3, 2, 1, -1, 1], [1, 1, 1, 2, 1, -1, 1], [1, 2, 2, 2, 1, -1, 1], [2, 2, 1, 1, 1, -1, 1], [1, 1, 2, 1, -1, 4, 4], [2, 2, 1, -1, 1, 1, 1], [1, 2, -1, 1, 0, 2, 1], [2, 2, -1, 1, 1, 1, 1], [0, -1, 3, 2, 1, 1, 1], [-1, 2, 3, 2, 1, 1, 1]]
20 79 
 [[-1, -1, 6, -1, -1, -1, -1], [-1, -1, -1, -1, -1, 6, -1], [-1, -1, -1, -1, -1, -1, 5], [-1, -1, -1, -1, -1, -1, 6], [-1, -1, 1, 3, -1, -1, -1], [-1, -1, 2, -1, -1, 3, -1], [-1, -1, 3, -1, -1, 3, -1], [-1, -1, -1, 1, -1, 3, -1], [-1, -1, -1, 3, -1, 3, -1], [-1, -1, -1, 3, -1, -1, 4], [-1, -1, -1, -1, 2, 3, -1], [-1, -1, -1, -1, 2, -1, 0], [-1, -1, -1, -1, 2, -1, 1], [-1, -1, -1, -1, -1, 3, 4], [0, 1, -1, -1, -1, 3, -1], [1, 2, -1, -1, -1, 4, -1], [0, -1, 3, -1, -1, 5, -1], [1, -1, -1, 2, -1, 4, -1], [1, -1, -1, -1, 1, 3, -1], [1, -1, -1, -1, 1, 4, -1], [1, -1, -1, -1, 1, -1, 4], [0, -1, -1, -1, -1, 1, 4], [1, -1, -1, -1, -1, 4, 2], [-1, 2, 2, -1, -1, -1, 4], [-1, 2, -1, 1, -1, 5, -1], [-1, 1, -1, -1, 1, 3, -1], [-1, 2, -1, -1, -1, 1, 4], [-1, -1, 3, -1, 0, -1, 4], [-1, -1, 2, -1, -1, 1, 4], [-1, -1, -1, -1, 1, 1, 4], [-1, -1, -1, -1, 1, 3, 1], [0, 1, 2, 3, -1, -1, -1], [0, 1, 3, -1, -1, -1, 4], [0, 2, -1, -1, 0, -1, 4], [1, 1, -1, -1, -1, 3, 0], [1, 1, -1, -1, -1, 3, 1], [1, -1, 2, 2, -1, -1, 4], [0, -1, 1, -1, 1, -1, 4], [0, -1, 2, -1, 0, -1, 4], [0, -1, -1, 1, 0, 5, -1], [0, -1, -1, 1, 0, -1, 4], [0, -1, -1, 1, -1, 5, 4], [-1, 1, 3, 2, -1, -1, 4], [-1, 2, 3, 1, -1, -1, 4], [-1, 1, 3, -1, 1, 4, -1], [-1, 2, 3, -1, 0, 4, -1], [-1, 2, 1, -1, -1, 4, 2], [-1, 2, 3, -1, -1, 4, 2], [-1, 1, -1, 2, 1, 4, -1], [-1, 1, -1, 2, 1, -1, 4], [-1, 2, -1, 1, 0, -1, 4], [-1, 1, -1, 1, -1, 1, 4], [-1, 1, -1, -1, 1, 4, 2], [-1, -1, 2, 1, 0, 5, -1], [-1, -1, 3, 1, 0, 4, -1], [-1, -1, 1, 2, 1, -1, 4], [-1, -1, 2, 2, 0, -1, 4], [-1, -1, 1, 1, -1, 1, 4], [-1, -1, 2, 1, -1, 5, 4], [-1, -1, 3, 2, -1, 4, 2], [-1, -1, 1, -1, 0, 4, 2], [-1, -1, -1, 1, 0, 5, 4], [-1, -1, -1, 2, 1, 4, 2], [1, 2, 3, 2, 1, -1, -1], [0, 1, 1, 1, -1, -1, 0], [0, 1, 1, 1, -1, -1, 4], [1, 2, 3, 2, -1, -1, 0], [0, 1, 1, -1, 1, 4, -1], [0, 1, 1, -1, 1, -1, 0], [0, -1, 1, 1, 0, 4, -1], [-1, 2, 1, 1, 0, 4, -1], [-1, 2, 3, 2, 1, -1, 0], [-1, 1, 2, 1, -1, 4, 2], [-1, 1, -1, 3, 1, 2, 2], [-1, -1, 2, 1, 1, 4, 2], [2, 2, 1, -1, 1, 1, 1], [2, 2, -1, 1, 1, 1, 1], [0, -1, 3, 2, 1, 1, 1], [-1, 2, 3, 2, 1, 1, 1]]
30 60 
 [[-1, -1, -1, -1, -1, 6, -1], [-1, -1, -1, -1, -1, -1, 5], [-1, -1, -1, -1, -1, -1, 6], [-1, -1, 1, 3, -1, -1, -1], [-1, -1, 2, -1, -1, 3, -1], [-1, -1, 3, -1, -1, 3, -1], [-1, -1, -1, 1, -1, 3, -1], [-1, -1, -1, -1, 2, -1, 1], [-1, -1, -1, -1, -1, 3, 4], [0, 1, -1, -1, -1, 3, -1], [1, 2, -1, -1, -1, 4, -1], [1, -1, -1, 2, -1, 4, -1], [1, -1, -1, -1, 1, 3, -1], [1, -1, -1, -1, 1, 4, -1], [1, -1, -1, -1, 1, -1, 4], [0, -1, -1, -1, -1, 1, 4], [1, -1, -1, -1, -1, 4, 2], [-1, 2, 2, -1, -1, -1, 4], [-1, 2, -1, 1, -1, 5, -1], [-1, 1, -1, -1, 1, 3, -1], [-1, 2, -1, -1, -1, 1, 4], [-1, -1, 3, -1, 0, -1, 4], [-1, -1, 2, -1, -1, 1, 4], [-1, -1, -1, -1, 1, 1, 4], [-1, -1, -1, -1, 1, 3, 1], [0, 1, 3, -1, -1, -1, 4], [0, 2, -1, -1, 0, -1, 4], [1, 1, -1, -1, -1, 3, 0], [1, 1, -1, -1, -1, 3, 1], [1, -1, 2, 2, -1, -1, 4], [0, -1, 1, -1, 1, -1, 4], [0, -1, 2, -1, 0, -1, 4], [0, -1, -1, 1, 0, 5, -1], [0, -1, -1, 1, 0, -1, 4], [0, -1, -1, 1, -1, 5, 4], [-1, 1, 3, 2, -1, -1, 4], [-1, 2, 3, 1, -1, -1, 4], [-1, 1, 3, -1, 1, 4, -1], [-1, 2, 3, -1, 0, 4, -1], [-1, 2, 1, -1, -1, 4, 2], [-1, 2, 3, -1, -1, 4, 2], [-1, 1, -1, 2, 1, 4, -1], [-1, 1, -1, 2, 1, -1, 4], [-1, 2, -1, 1, 0, -1, 4], [-1, 1, -1, -1, 1, 4, 2], [-1, -1, 3, 1, 0, 4, -1], [-1, -1, 2, 2, 0, -1, 4], [-1, -1, 2, 1, -1, 5, 4], [-1, -1, 3, 2, -1, 4, 2], [-1, -1, 1, -1, 0, 4, 2], [-1, -1, -1, 1, 0, 5, 4], [-1, -1, -1, 2, 1, 4, 2], [1, 2, 3, 2, 1, -1, -1], [0, 1, 1, 1, -1, -1, 0], [0, 1, 1, 1, -1, -1, 4], [0, -1, 1, 1, 0, 4, -1], [-1, 2, 1, 1, 0, 4, -1], [-1, 1, 2, 1, -1, 4, 2], [-1, -1, 2, 1, 1, 4, 2], [2, 2, -1, 1, 1, 1, 1]]
40 44 
 [[-1, -1, -1, -1, -1, -1, 5], [-1, -1, -1, -1, -1, -1, 6], [-1, -1, 2, -1, -1, 3, -1], [-1, -1, 3, -1, -1, 3, -1], [-1, -1, -1, 1, -1, 3, -1], [-1, -1, -1, -1, -1, 3, 4], [0, 1, -1, -1, -1, 3, -1], [1, 2, -1, -1, -1, 4, -1], [1, -1, -1, 2, -1, 4, -1], [1, -1, -1, -1, 1, 3, -1], [1, -1, -1, -1, 1, 4, -1], [1, -1, -1, -1, 1, -1, 4], [0, -1, -1, -1, -1, 1, 4], [1, -1, -1, -1, -1, 4, 2], [-1, 2, 2, -1, -1, -1, 4], [-1, 1, -1, -1, 1, 3, -1], [-1, 2, -1, -1, -1, 1, 4], [-1, -1, 3, -1, 0, -1, 4], [-1, -1, 2, -1, -1, 1, 4], [-1, -1, -1, -1, 1, 1, 4], [-1, -1, -1, -1, 1, 3, 1], [0, 1, 3, -1, -1, -1, 4], [0, 2, -1, -1, 0, -1, 4], [1, 1, -1, -1, -1, 3, 0], [1, -1, 2, 2, -1, -1, 4], [0, -1, 1, -1, 1, -1, 4], [0, -1, 2, -1, 0, -1, 4], [0, -1, -1, 1, 0, -1, 4], [0, -1, -1, 1, -1, 5, 4], [-1, 1, 3, 2, -1, -1, 4], [-1, 2, 3, 1, -1, -1, 4], [-1, 1, 3, -1, 1, 4, -1], [-1, 2, 3, -1, 0, 4, -1], [-1, 2, 1, -1, -1, 4, 2], [-1, 2, 3, -1, -1, 4, 2], [-1, 1, -1, 2, 1, 4, -1], [-1, 1, -1, 2, 1, -1, 4], [-1, 2, -1, 1, 0, -1, 4], [-1, 1, -1, -1, 1, 4, 2], [-1, -1, 3, 1, 0, 4, -1], [-1, -1, 2, 2, 0, -1, 4], [-1, -1, 3, 2, -1, 4, 2], [-1, -1, 1, -1, 0, 4, 2], [1, 2, 3, 2, 1, -1, -1]]
50 38 
 [[-1, -1, -1, -1, -1, -1, 5], [-1, -1, -1, -1, -1, -1, 6], [-1, -1, 2, -1, -1, 3, -1], [-1, -1, 3, -1, -1, 3, -1], [-1, -1, -1, 1, -1, 3, -1], [-1, -1, -1, -1, -1, 3, 4], [0, 1, -1, -1, -1, 3, -1], [1, 2, -1, -1, -1, 4, -1], [1, -1, -1, 2, -1, 4, -1], [1, -1, -1, -1, 1, 3, -1], [1, -1, -1, -1, 1, 4, -1], [1, -1, -1, -1, 1, -1, 4], [0, -1, -1, -1, -1, 1, 4], [1, -1, -1, -1, -1, 4, 2], [-1, 2, 2, -1, -1, -1, 4], [-1, 1, -1, -1, 1, 3, -1], [-1, 2, -1, -1, -1, 1, 4], [-1, -1, 3, -1, 0, -1, 4], [-1, -1, 2, -1, -1, 1, 4], [-1, -1, -1, -1, 1, 3, 1], [0, 1, 3, -1, -1, -1, 4], [0, 2, -1, -1, 0, -1, 4], [1, 1, -1, -1, -1, 3, 0], [0, -1, 1, -1, 1, -1, 4], [0, -1, 2, -1, 0, -1, 4], [0, -1, -1, 1, 0, -1, 4], [-1, 1, 3, 2, -1, -1, 4], [-1, 2, 3, 1, -1, -1, 4], [-1, 1, 3, -1, 1, 4, -1], [-1, 2, 3, -1, 0, 4, -1], [-1, 2, 1, -1, -1, 4, 2], [-1, 2, 3, -1, -1, 4, 2], [-1, 1, -1, 2, 1, -1, 4], [-1, 2, -1, 1, 0, -1, 4], [-1, 1, -1, -1, 1, 4, 2], [-1, -1, 3, 1, 0, 4, -1], [-1, -1, 2, 2, 0, -1, 4], [-1, -1, 1, -1, 0, 4, 2]]
60 36 
 [[-1, -1, -1, -1, -1, -1, 5], [-1, -1, 2, -1, -1, 3, -1], [-1, -1, 3, -1, -1, 3, -1], [-1, -1, -1, 1, -1, 3, -1], [-1, -1, -1, -1, -1, 3, 4], [0, 1, -1, -1, -1, 3, -1], [1, 2, -1, -1, -1, 4, -1], [1, -1, -1, 2, -1, 4, -1], [1, -1, -1, -1, 1, 3, -1], [1, -1, -1, -1, 1, 4, -1], [1, -1, -1, -1, 1, -1, 4], [0, -1, -1, -1, -1, 1, 4], [1, -1, -1, -1, -1, 4, 2], [-1, 2, 2, -1, -1, -1, 4], [-1, 1, -1, -1, 1, 3, -1], [-1, 2, -1, -1, -1, 1, 4], [-1, -1, 3, -1, 0, -1, 4], [-1, -1, 2, -1, -1, 1, 4], [-1, -1, -1, -1, 1, 3, 1], [0, 1, 3, -1, -1, -1, 4], [0, 2, -1, -1, 0, -1, 4], [1, 1, -1, -1, -1, 3, 0], [0, -1, 1, -1, 1, -1, 4], [0, -1, 2, -1, 0, -1, 4], [0, -1, -1, 1, 0, -1, 4], [-1, 1, 3, 2, -1, -1, 4], [-1, 2, 3, 1, -1, -1, 4], [-1, 1, 3, -1, 1, 4, -1], [-1, 2, 3, -1, 0, 4, -1], [-1, 2, 1, -1, -1, 4, 2], [-1, 1, -1, 2, 1, -1, 4], [-1, 2, -1, 1, 0, -1, 4], [-1, 1, -1, -1, 1, 4, 2], [-1, -1, 3, 1, 0, 4, -1], [-1, -1, 2, 2, 0, -1, 4], [-1, -1, 1, -1, 0, 4, 2]]
70 30 
 [[-1, -1, -1, -1, -1, -1, 5], [-1, -1, 2, -1, -1, 3, -1], [-1, -1, 3, -1, -1, 3, -1], [-1, -1, -1, 1, -1, 3, -1], [-1, -1, -1, -1, -1, 3, 4], [0, 1, -1, -1, -1, 3, -1], [1, 2, -1, -1, -1, 4, -1], [1, -1, -1, 2, -1, 4, -1], [1, -1, -1, -1, 1, 3, -1], [1, -1, -1, -1, 1, -1, 4], [0, -1, -1, -1, -1, 1, 4], [1, -1, -1, -1, -1, 4, 2], [-1, 2, 2, -1, -1, -1, 4], [-1, 1, -1, -1, 1, 3, -1], [-1, 2, -1, -1, -1, 1, 4], [-1, -1, 3, -1, 0, -1, 4], [-1, -1, 2, -1, -1, 1, 4], [-1, -1, -1, -1, 1, 3, 1], [0, 1, 3, -1, -1, -1, 4], [0, 2, -1, -1, 0, -1, 4], [1, 1, -1, -1, -1, 3, 0], [0, -1, 2, -1, 0, -1, 4], [0, -1, -1, 1, 0, -1, 4], [-1, 1, 3, 2, -1, -1, 4], [-1, 2, 3, 1, -1, -1, 4], [-1, 2, 3, -1, 0, 4, -1], [-1, 2, -1, 1, 0, -1, 4], [-1, 1, -1, -1, 1, 4, 2], [-1, -1, 2, 2, 0, -1, 4], [-1, -1, 1, -1, 0, 4, 2]]
80 25 
 [[-1, -1, -1, -1, -1, -1, 5], [-1, -1, 2, -1, -1, 3, -1], [-1, -1, 3, -1, -1, 3, -1], [-1, -1, -1, 1, -1, 3, -1], [-1, -1, -1, -1, -1, 3, 4], [0, 1, -1, -1, -1, 3, -1], [1, 2, -1, -1, -1, 4, -1], [1, -1, -1, 2, -1, 4, -1], [1, -1, -1, -1, 1, 3, -1], [1, -1, -1, -1, 1, -1, 4], [0, -1, -1, -1, -1, 1, 4], [-1, 2, 2, -1, -1, -1, 4], [-1, 1, -1, -1, 1, 3, -1], [-1, 2, -1, -1, -1, 1, 4], [-1, -1, 3, -1, 0, -1, 4], [-1, -1, -1, -1, 1, 3, 1], [0, 1, 3, -1, -1, -1, 4], [0, 2, -1, -1, 0, -1, 4], [1, 1, -1, -1, -1, 3, 0], [0, -1, 2, -1, 0, -1, 4], [0, -1, -1, 1, 0, -1, 4], [-1, 2, 3, 1, -1, -1, 4], [-1, 2, -1, 1, 0, -1, 4], [-1, -1, 2, 2, 0, -1, 4], [-1, -1, 1, -1, 0, 4, 2]]
90 22 
 [[-1, -1, -1, -1, -1, -1, 5], [-1, -1, 2, -1, -1, 3, -1], [-1, -1, 3, -1, -1, 3, -1], [-1, -1, -1, 1, -1, 3, -1], [-1, -1, -1, -1, -1, 3, 4], [0, 1, -1, -1, -1, 3, -1], [1, 2, -1, -1, -1, 4, -1], [1, -1, -1, -1, 1, 3, -1], [0, -1, -1, -1, -1, 1, 4], [-1, 2, 2, -1, -1, -1, 4], [-1, 1, -1, -1, 1, 3, -1], [-1, 2, -1, -1, -1, 1, 4], [-1, -1, 3, -1, 0, -1, 4], [0, 1, 3, -1, -1, -1, 4], [0, 2, -1, -1, 0, -1, 4], [1, 1, -1, -1, -1, 3, 0], [0, -1, 2, -1, 0, -1, 4], [0, -1, -1, 1, 0, -1, 4], [-1, 2, 3, 1, -1, -1, 4], [-1, 2, -1, 1, 0, -1, 4], [-1, -1, 2, 2, 0, -1, 4], [-1, -1, 1, -1, 0, 4, 2]]
100 21 
 [[-1, -1, -1, -1, -1, -1, 5], [-1, -1, 2, -1, -1, 3, -1], [-1, -1, 3, -1, -1, 3, -1], [-1, -1, -1, 1, -1, 3, -1], [-1, -1, -1, -1, -1, 3, 4], [0, 1, -1, -1, -1, 3, -1], [1, 2, -1, -1, -1, 4, -1], [1, -1, -1, -1, 1, 3, -1], [0, -1, -1, -1, -1, 1, 4], [-1, 2, 2, -1, -1, -1, 4], [-1, 1, -1, -1, 1, 3, -1], [-1, 2, -1, -1, -1, 1, 4], [-1, -1, 3, -1, 0, -1, 4], [0, 1, 3, -1, -1, -1, 4], [0, 2, -1, -1, 0, -1, 4], [1, 1, -1, -1, -1, 3, 0], [0, -1, 2, -1, 0, -1, 4], [0, -1, -1, 1, 0, -1, 4], [-1, 2, 3, 1, -1, -1, 4], [-1, 2, -1, 1, 0, -1, 4], [-1, -1, 2, 2, 0, -1, 4]]
