overall FPR: 0.36815415821501013
execution time
3 0.050050973892211914 0.03540301322937012
4 0.05500984191894531 0.06397700309753418
5 0.10006499290466309 0.13958215713500977
6 0.14288616180419922 0.4062528610229492
7 0.6377270221710205 6.278264045715332
8 1.8098170757293701 72.98852729797363
9 3.2259299755096436 382.573392868042
10 5.368159055709839
11 9.597689867019653
12 17.94439387321472
13 51.272053956985474
14 91.27675700187683
15 169.4015817642212
16 337.233060836792


number of patterns checked
3 66.0 74.0
4 437.0 599.0
5 1232.0 3599.0
6 1860.0 10799.0
7 9430.0 118799.0
8 30590.0 1306799.0
9 47190.0 6533999.0
10 72084.0
11 121872.0
12 221340.0
13 419940.0
14 644272.0
15 1098708.0
16 2015580.0


number of patterns found
3 0 
 []
4 2 
 [[-1, -1, 1, 4], [0, 1, -1, 4]]
5 4 
 [[-1, -1, -1, -1, 2], [-1, -1, -1, -1, 1], [-1, -1, 1, 4, -1], [0, 1, -1, 4, -1]]
6 5 
 [[-1, -1, -1, -1, 2, -1], [-1, -1, -1, -1, 1, -1], [-1, -1, 1, 4, -1, -1], [0, -1, -1, 4, -1, 1], [0, 1, -1, 4, -1, -1]]
7 28 
 [[-1, -1, -1, -1, -1, -1, 9], [-1, -1, -1, -1, -1, -1, 8], [-1, -1, -1, -1, -1, 1, 10], [-1, -1, -1, -1, -1, 1, 5], [-1, -1, -1, -1, -1, 0, 6], [-1, -1, -1, -1, 2, -1, -1], [-1, -1, -1, -1, 1, -1, -1], [-1, -1, -1, 0, -1, -1, 5], [-1, -1, 2, -1, -1, -1, 5], [-1, -1, 1, -1, -1, -1, 7], [-1, -1, 1, -1, -1, -1, 5], [-1, -1, 1, 4, -1, -1, -1], [-1, -1, 0, -1, -1, 0, 10], [-1, -1, 0, 0, -1, 1, 3], [-1, 2, -1, -1, -1, -1, 7], [-1, 2, -1, -1, -1, -1, 6], [-1, 1, -1, -1, -1, -1, 5], [-1, 1, 1, -1, -1, 1, 4], [-1, 1, 0, 0, -1, 1, 6], [0, -1, -1, -1, -1, -1, 10], [0, -1, -1, -1, -1, -1, 6], [0, -1, -1, -1, -1, -1, 5], [0, -1, -1, 4, -1, 1, -1], [0, -1, 1, -1, -1, 1, 4], [0, -1, 0, -1, -1, 1, 3], [0, -1, 0, 0, -1, 1, 7], [0, 2, -1, 0, -1, -1, 3], [0, 1, -1, 4, -1, -1, -1]]
8 34 
 [[-1, -1, -1, -1, -1, -1, 9, -1], [-1, -1, -1, -1, -1, -1, 8, -1], [-1, -1, -1, -1, -1, -1, 5, 0], [-1, -1, -1, -1, -1, 1, 10, -1], [-1, -1, -1, -1, -1, 1, 5, -1], [-1, -1, -1, -1, -1, 0, 6, -1], [-1, -1, -1, -1, 2, -1, -1, -1], [-1, -1, -1, -1, 1, -1, -1, -1], [-1, -1, -1, 0, -1, -1, 5, -1], [-1, -1, 2, -1, -1, -1, 5, -1], [-1, -1, 1, -1, -1, -1, 7, -1], [-1, -1, 1, -1, -1, -1, 5, -1], [-1, -1, 1, 4, -1, -1, -1, -1], [-1, -1, 0, -1, -1, 1, 7, 0], [-1, -1, 0, -1, -1, 0, 10, -1], [-1, -1, 0, 0, -1, -1, 6, 0], [-1, -1, 0, 0, -1, 1, 3, -1], [-1, 2, -1, -1, -1, -1, 7, -1], [-1, 2, -1, -1, -1, -1, 6, -1], [-1, 1, -1, -1, -1, -1, 5, -1], [-1, 1, 1, -1, -1, 1, 4, -1], [-1, 1, 0, 0, -1, 1, 6, -1], [0, -1, -1, -1, -1, -1, 10, -1], [0, -1, -1, -1, -1, -1, 6, -1], [0, -1, -1, -1, -1, -1, 5, -1], [0, -1, -1, 4, -1, 1, -1, -1], [0, -1, 1, -1, -1, 1, 4, -1], [0, -1, 0, -1, -1, -1, 7, 0], [0, -1, 0, -1, -1, 1, 3, -1], [0, -1, 0, 0, -1, 1, 7, -1], [0, 2, -1, 0, -1, -1, 3, -1], [0, 2, 0, 0, -1, 1, -1, 0], [0, 1, -1, 4, -1, -1, -1, -1], [0, 1, 0, -1, -1, 0, 4, 0]]
9 34 
 [[-1, -1, -1, -1, -1, -1, 9, -1, -1], [-1, -1, -1, -1, -1, -1, 8, -1, -1], [-1, -1, -1, -1, -1, -1, 5, 0, -1], [-1, -1, -1, -1, -1, 1, 10, -1, -1], [-1, -1, -1, -1, -1, 1, 5, -1, -1], [-1, -1, -1, -1, -1, 0, 6, -1, -1], [-1, -1, -1, -1, 2, -1, -1, -1, -1], [-1, -1, -1, -1, 1, -1, -1, -1, -1], [-1, -1, -1, 0, -1, -1, 5, -1, -1], [-1, -1, 2, -1, -1, -1, 5, -1, -1], [-1, -1, 1, -1, -1, -1, 7, -1, -1], [-1, -1, 1, -1, -1, -1, 5, -1, -1], [-1, -1, 1, 4, -1, -1, -1, -1, -1], [-1, -1, 0, -1, -1, 1, 7, 0, -1], [-1, -1, 0, -1, -1, 0, 10, -1, -1], [-1, -1, 0, 0, -1, -1, 6, 0, -1], [-1, -1, 0, 0, -1, 1, 3, -1, -1], [-1, 2, -1, -1, -1, -1, 7, -1, -1], [-1, 2, -1, -1, -1, -1, 6, -1, -1], [-1, 1, -1, -1, -1, -1, 5, -1, -1], [-1, 1, 1, -1, -1, 1, 4, -1, -1], [-1, 1, 0, 0, -1, 1, 6, -1, -1], [0, -1, -1, -1, -1, -1, 10, -1, -1], [0, -1, -1, -1, -1, -1, 6, -1, -1], [0, -1, -1, -1, -1, -1, 5, -1, -1], [0, -1, -1, 4, -1, 1, -1, -1, -1], [0, -1, 1, -1, -1, 1, 4, -1, -1], [0, -1, 0, -1, -1, -1, 7, 0, -1], [0, -1, 0, -1, -1, 1, 3, -1, -1], [0, -1, 0, 0, -1, 1, 7, -1, -1], [0, 2, -1, 0, -1, -1, 3, -1, -1], [0, 2, 0, 0, -1, 1, -1, 0, -1], [0, 1, -1, 4, -1, -1, -1, -1, -1], [0, 1, 0, -1, -1, 0, 4, 0, -1]]
10 34 
 [[-1, -1, -1, -1, -1, -1, 9, -1, -1, -1], [-1, -1, -1, -1, -1, -1, 8, -1, -1, -1], [-1, -1, -1, -1, -1, -1, 5, 0, -1, -1], [-1, -1, -1, -1, -1, 1, 10, -1, -1, -1], [-1, -1, -1, -1, -1, 1, 5, -1, -1, -1], [-1, -1, -1, -1, -1, 0, 6, -1, -1, -1], [-1, -1, -1, -1, 2, -1, -1, -1, -1, -1], [-1, -1, -1, -1, 1, -1, -1, -1, -1, -1], [-1, -1, -1, 0, -1, -1, 5, -1, -1, -1], [-1, -1, 2, -1, -1, -1, 5, -1, -1, -1], [-1, -1, 1, -1, -1, -1, 7, -1, -1, -1], [-1, -1, 1, -1, -1, -1, 5, -1, -1, -1], [-1, -1, 1, 4, -1, -1, -1, -1, -1, -1], [-1, -1, 0, -1, -1, 1, 7, 0, -1, -1], [-1, -1, 0, -1, -1, 0, 10, -1, -1, -1], [-1, -1, 0, 0, -1, -1, 6, 0, -1, -1], [-1, -1, 0, 0, -1, 1, 3, -1, -1, -1], [-1, 2, -1, -1, -1, -1, 7, -1, -1, -1], [-1, 2, -1, -1, -1, -1, 6, -1, -1, -1], [-1, 1, -1, -1, -1, -1, 5, -1, -1, -1], [-1, 1, 1, -1, -1, 1, 4, -1, -1, -1], [-1, 1, 0, 0, -1, 1, 6, -1, -1, -1], [0, -1, -1, -1, -1, -1, 10, -1, -1, -1], [0, -1, -1, -1, -1, -1, 6, -1, -1, -1], [0, -1, -1, -1, -1, -1, 5, -1, -1, -1], [0, -1, -1, 4, -1, 1, -1, -1, -1, -1], [0, -1, 1, -1, -1, 1, 4, -1, -1, -1], [0, -1, 0, -1, -1, -1, 7, 0, -1, -1], [0, -1, 0, -1, -1, 1, 3, -1, -1, -1], [0, -1, 0, 0, -1, 1, 7, -1, -1, -1], [0, 2, -1, 0, -1, -1, 3, -1, -1, -1], [0, 2, 0, 0, -1, 1, -1, 0, -1, -1], [0, 1, -1, 4, -1, -1, -1, -1, -1, -1], [0, 1, 0, -1, -1, 0, 4, 0, -1, -1]]
11 36 
 [[-1, -1, -1, -1, -1, -1, 9, -1, -1, -1, -1], [-1, -1, -1, -1, -1, -1, 8, -1, -1, -1, -1], [-1, -1, -1, -1, -1, -1, 5, 0, -1, -1, -1], [-1, -1, -1, -1, -1, 1, 10, -1, -1, -1, -1], [-1, -1, -1, -1, -1, 1, 7, 0, -1, -1, 0], [-1, -1, -1, -1, -1, 1, 5, -1, -1, -1, -1], [-1, -1, -1, -1, -1, 0, 6, -1, -1, -1, -1], [-1, -1, -1, -1, 2, -1, -1, -1, -1, -1, -1], [-1, -1, -1, -1, 1, -1, -1, -1, -1, -1, -1], [-1, -1, -1, 0, -1, -1, 5, -1, -1, -1, -1], [-1, -1, 2, -1, -1, -1, 5, -1, -1, -1, -1], [-1, -1, 1, -1, -1, -1, 7, -1, -1, -1, -1], [-1, -1, 1, -1, -1, -1, 5, -1, -1, -1, -1], [-1, -1, 1, 4, -1, -1, -1, -1, -1, -1, -1], [-1, -1, 0, -1, -1, 1, 7, 0, -1, -1, -1], [-1, -1, 0, -1, -1, 0, 10, -1, -1, -1, -1], [-1, -1, 0, 0, -1, -1, 6, 0, -1, -1, -1], [-1, -1, 0, 0, -1, 1, 3, -1, -1, -1, -1], [-1, 2, -1, -1, -1, -1, 7, -1, -1, -1, -1], [-1, 2, -1, -1, -1, -1, 6, -1, -1, -1, -1], [-1, 1, -1, -1, -1, -1, 5, -1, -1, -1, -1], [-1, 1, 1, -1, -1, 1, 4, -1, -1, -1, -1], [-1, 1, 0, 0, -1, 1, 6, -1, -1, -1, -1], [0, -1, -1, -1, -1, -1, 10, -1, -1, -1, -1], [0, -1, -1, -1, -1, -1, 7, 0, -1, -1, 0], [0, -1, -1, -1, -1, -1, 6, -1, -1, -1, -1], [0, -1, -1, -1, -1, -1, 5, -1, -1, -1, -1], [0, -1, -1, 4, -1, 1, -1, -1, -1, -1, -1], [0, -1, 1, -1, -1, 1, 4, -1, -1, -1, -1], [0, -1, 0, -1, -1, -1, 7, 0, -1, -1, -1], [0, -1, 0, -1, -1, 1, 3, -1, -1, -1, -1], [0, -1, 0, 0, -1, 1, 7, -1, -1, -1, -1], [0, 2, -1, 0, -1, -1, 3, -1, -1, -1, -1], [0, 2, 0, 0, -1, 1, -1, 0, -1, -1, -1], [0, 1, -1, 4, -1, -1, -1, -1, -1, -1, -1], [0, 1, 0, -1, -1, 0, 4, 0, -1, -1, -1]]
12 39 
 [[-1, -1, -1, -1, -1, -1, 9, -1, -1, -1, -1, -1], [-1, -1, -1, -1, -1, -1, 8, -1, -1, -1, -1, -1], [-1, -1, -1, -1, -1, -1, 5, 0, -1, -1, -1, -1], [-1, -1, -1, -1, -1, 1, 10, -1, -1, -1, -1, -1], [-1, -1, -1, -1, -1, 1, 7, 0, -1, -1, 0, -1], [-1, -1, -1, -1, -1, 1, 5, -1, -1, -1, -1, -1], [-1, -1, -1, -1, -1, 0, 6, -1, -1, -1, -1, -1], [-1, -1, -1, -1, 2, -1, -1, -1, -1, -1, -1, -1], [-1, -1, -1, -1, 1, -1, -1, -1, -1, -1, -1, -1], [-1, -1, -1, 0, -1, -1, 5, -1, -1, -1, -1, -1], [-1, -1, 2, -1, -1, -1, 5, -1, -1, -1, -1, -1], [-1, -1, 1, -1, -1, -1, 7, -1, -1, -1, -1, -1], [-1, -1, 1, -1, -1, -1, 5, -1, -1, -1, -1, -1], [-1, -1, 1, 4, -1, -1, -1, -1, -1, -1, -1, -1], [-1, -1, 0, -1, -1, -1, 6, 0, -1, -1, -1, 0], [-1, -1, 0, -1, -1, 1, 7, 0, -1, -1, -1, -1], [-1, -1, 0, -1, -1, 0, 10, -1, -1, -1, -1, -1], [-1, -1, 0, 0, -1, -1, 6, 0, -1, -1, -1, -1], [-1, -1, 0, 0, -1, 1, 3, -1, -1, -1, -1, -1], [-1, -1, 0, 0, 0, 1, 6, -1, -1, -1, -1, 0], [-1, 2, -1, -1, -1, -1, 7, -1, -1, -1, -1, -1], [-1, 2, -1, -1, -1, -1, 6, -1, -1, -1, -1, -1], [-1, 1, -1, -1, -1, -1, 5, -1, -1, -1, -1, -1], [-1, 1, 1, -1, -1, 1, 4, -1, -1, -1, -1, -1], [-1, 1, 0, 0, -1, -1, 6, -1, -1, -1, -1, 0], [-1, 1, 0, 0, -1, 1, 6, -1, -1, -1, -1, -1], [0, -1, -1, -1, -1, -1, 10, -1, -1, -1, -1, -1], [0, -1, -1, -1, -1, -1, 7, 0, -1, -1, 0, -1], [0, -1, -1, -1, -1, -1, 6, -1, -1, -1, -1, -1], [0, -1, -1, -1, -1, -1, 5, -1, -1, -1, -1, -1], [0, -1, -1, 4, -1, 1, -1, -1, -1, -1, -1, -1], [0, -1, 1, -1, -1, 1, 4, -1, -1, -1, -1, -1], [0, -1, 0, -1, -1, -1, 7, 0, -1, -1, -1, -1], [0, -1, 0, -1, -1, 1, 3, -1, -1, -1, -1, -1], [0, -1, 0, 0, -1, 1, 7, -1, -1, -1, -1, -1], [0, 2, -1, 0, -1, -1, 3, -1, -1, -1, -1, -1], [0, 2, 0, 0, -1, 1, -1, 0, -1, -1, -1, -1], [0, 1, -1, 4, -1, -1, -1, -1, -1, -1, -1, -1], [0, 1, 0, -1, -1, 0, 4, 0, -1, -1, -1, -1]]
13 47 
 [[-1, -1, -1, -1, -1, -1, -1, -1, -1, -1, -1, -1, 0], [-1, -1, -1, -1, -1, -1, 9, -1, -1, -1, -1, -1, -1], [-1, -1, -1, -1, -1, -1, 8, -1, -1, -1, -1, -1, -1], [-1, -1, -1, -1, -1, -1, 5, -1, -1, -1, -1, -1, 1], [-1, -1, -1, -1, -1, -1, 5, 0, -1, -1, -1, -1, -1], [-1, -1, -1, -1, -1, 1, 10, -1, -1, -1, -1, -1, -1], [-1, -1, -1, -1, -1, 1, 7, 0, -1, -1, 0, -1, -1], [-1, -1, -1, -1, -1, 1, 5, -1, -1, -1, -1, -1, -1], [-1, -1, -1, -1, -1, 0, 7, -1, -1, -1, -1, -1, 1], [-1, -1, -1, -1, -1, 0, 6, -1, -1, -1, -1, -1, -1], [-1, -1, -1, -1, 2, -1, -1, -1, -1, -1, -1, -1, -1], [-1, -1, -1, -1, 1, -1, -1, -1, -1, -1, -1, -1, -1], [-1, -1, -1, 0, -1, -1, 5, -1, -1, -1, -1, -1, -1], [-1, -1, 2, -1, -1, -1, 5, -1, -1, -1, -1, -1, -1], [-1, -1, 1, -1, -1, -1, 7, -1, -1, -1, -1, -1, -1], [-1, -1, 1, -1, -1, -1, 5, -1, -1, -1, -1, -1, -1], [-1, -1, 1, -1, -1, -1, 2, -1, -1, -1, -1, -1, 1], [-1, -1, 1, 4, -1, -1, -1, -1, -1, -1, -1, -1, -1], [-1, -1, 0, -1, -1, -1, 6, 0, -1, -1, -1, 0, -1], [-1, -1, 0, -1, -1, 1, 7, 0, -1, -1, -1, -1, -1], [-1, -1, 0, -1, -1, 0, 10, -1, -1, -1, -1, -1, -1], [-1, -1, 0, 0, -1, -1, 6, 0, -1, -1, -1, -1, -1], [-1, -1, 0, 0, -1, 1, 3, -1, -1, -1, -1, -1, -1], [-1, -1, 0, 0, 0, 1, 6, -1, -1, -1, -1, 0, -1], [-1, 2, -1, -1, -1, -1, 7, -1, -1, -1, -1, -1, -1], [-1, 2, -1, -1, -1, -1, 6, -1, -1, -1, -1, -1, -1], [-1, 1, -1, -1, -1, -1, 6, -1, -1, -1, -1, 0, 1], [-1, 1, -1, -1, -1, -1, 5, -1, -1, -1, -1, -1, -1], [-1, 1, -1, 0, -1, -1, 6, -1, -1, -1, -1, -1, 1], [-1, 1, 1, -1, -1, 1, 4, -1, -1, -1, -1, -1, -1], [-1, 1, 0, 0, -1, -1, 6, -1, -1, -1, -1, 0, -1], [-1, 1, 0, 0, -1, 1, 6, -1, -1, -1, -1, -1, -1], [0, -1, -1, -1, -1, -1, 10, -1, -1, -1, -1, -1, -1], [0, -1, -1, -1, -1, -1, 7, 0, -1, -1, 0, -1, -1], [0, -1, -1, -1, -1, -1, 6, -1, -1, -1, -1, -1, -1], [0, -1, -1, -1, -1, -1, 5, -1, -1, -1, -1, -1, -1], [0, -1, -1, 4, -1, 1, -1, -1, -1, -1, -1, -1, -1], [0, -1, 1, -1, -1, 1, 4, -1, -1, -1, -1, -1, -1], [0, -1, 0, -1, -1, -1, 7, -1, -1, -1, -1, -1, 1], [0, -1, 0, -1, -1, -1, 7, 0, -1, -1, -1, -1, -1], [0, -1, 0, -1, -1, 1, 3, -1, -1, -1, -1, -1, -1], [0, -1, 0, 0, -1, 1, -1, 0, -1, -1, -1, -1, 1], [0, -1, 0, 0, -1, 1, 7, -1, -1, -1, -1, -1, -1], [0, 2, -1, 0, -1, -1, 3, -1, -1, -1, -1, -1, -1], [0, 2, 0, 0, -1, 1, -1, 0, -1, -1, -1, -1, -1], [0, 1, -1, 4, -1, -1, -1, -1, -1, -1, -1, -1, -1], [0, 1, 0, -1, -1, 0, 4, 0, -1, -1, -1, -1, -1]]
14 68 
 [[-1, -1, -1, -1, -1, -1, -1, -1, -1, -1, -1, -1, 1, 1], [-1, -1, -1, -1, -1, -1, -1, -1, -1, -1, -1, -1, 0, -1], [-1, -1, -1, -1, -1, -1, 10, -1, -1, -1, -1, -1, -1, 1], [-1, -1, -1, -1, -1, -1, 9, -1, -1, -1, -1, -1, -1, -1], [-1, -1, -1, -1, -1, -1, 8, -1, -1, -1, -1, -1, -1, -1], [-1, -1, -1, -1, -1, -1, 7, 0, -1, -1, -1, -1, -1, 0], [-1, -1, -1, -1, -1, -1, 5, -1, -1, -1, -1, -1, -1, 1], [-1, -1, -1, -1, -1, -1, 5, -1, -1, -1, -1, -1, 1, -1], [-1, -1, -1, -1, -1, -1, 5, 0, -1, -1, -1, -1, -1, -1], [-1, -1, -1, -1, -1, 1, 10, -1, -1, -1, -1, -1, -1, -1], [-1, -1, -1, -1, -1, 1, 7, -1, -1, -1, -1, -1, -1, 0], [-1, -1, -1, -1, -1, 1, 7, 0, -1, -1, 0, -1, -1, -1], [-1, -1, -1, -1, -1, 1, 5, -1, -1, -1, -1, -1, -1, -1], [-1, -1, -1, -1, -1, 0, -1, 0, -1, -1, -1, -1, -1, 1], [-1, -1, -1, -1, -1, 0, 7, -1, -1, -1, -1, -1, 1, -1], [-1, -1, -1, -1, -1, 0, 6, -1, -1, -1, -1, -1, -1, -1], [-1, -1, -1, -1, 2, -1, -1, -1, -1, -1, -1, -1, -1, -1], [-1, -1, -1, -1, 1, -1, -1, -1, -1, -1, -1, -1, -1, -1], [-1, -1, -1, 1, -1, -1, -1, -1, -1, -1, -1, -1, -1, 1], [-1, -1, -1, 0, -1, -1, 7, -1, -1, -1, -1, -1, -1, 0], [-1, -1, -1, 0, -1, -1, 5, -1, -1, -1, -1, -1, -1, -1], [-1, -1, 3, -1, -1, -1, -1, -1, -1, -1, -1, -1, -1, 1], [-1, -1, 2, -1, -1, -1, -1, 0, -1, -1, -1, -1, -1, 1], [-1, -1, 2, -1, -1, -1, 5, -1, -1, -1, -1, -1, -1, -1], [-1, -1, 2, 0, -1, -1, -1, -1, -1, -1, -1, -1, -1, 1], [-1, -1, 1, -1, -1, -1, 7, -1, -1, -1, -1, -1, -1, -1], [-1, -1, 1, -1, -1, -1, 5, -1, -1, -1, -1, -1, -1, -1], [-1, -1, 1, -1, -1, -1, 2, -1, -1, -1, -1, -1, 1, -1], [-1, -1, 1, -1, -1, 1, -1, -1, -1, -1, 0, -1, -1, 1], [-1, -1, 1, 4, -1, -1, -1, -1, -1, -1, -1, -1, -1, -1], [-1, -1, 0, -1, -1, -1, 6, -1, -1, -1, -1, -1, -1, 0], [-1, -1, 0, -1, -1, -1, 6, 0, -1, -1, -1, 0, -1, -1], [-1, -1, 0, -1, -1, 1, 7, 0, -1, -1, -1, -1, -1, -1], [-1, -1, 0, -1, -1, 0, 10, -1, -1, -1, -1, -1, -1, -1], [-1, -1, 0, 0, -1, -1, 6, 0, -1, -1, -1, -1, -1, -1], [-1, -1, 0, 0, -1, 1, 3, -1, -1, -1, -1, -1, -1, -1], [-1, -1, 0, 0, 0, 1, 6, -1, -1, -1, -1, 0, -1, -1], [-1, 2, -1, -1, -1, -1, -1, -1, -1, -1, -1, -1, -1, 1], [-1, 2, -1, -1, -1, -1, 7, -1, -1, -1, -1, -1, -1, -1], [-1, 2, -1, -1, -1, -1, 6, -1, -1, -1, -1, -1, -1, -1], [-1, 1, -1, -1, -1, -1, -1, 0, -1, -1, -1, -1, -1, 1], [-1, 1, -1, -1, -1, -1, 6, -1, -1, -1, -1, 0, 1, -1], [-1, 1, -1, -1, -1, -1, 5, -1, -1, -1, -1, -1, -1, -1], [-1, 1, -1, -1, -1, 0, -1, -1, -1, -1, -1, -1, -1, 1], [-1, 1, -1, 0, -1, -1, 6, -1, -1, -1, -1, -1, 1, -1], [-1, 1, 1, -1, -1, -1, -1, -1, -1, -1, 0, -1, -1, 1], [-1, 1, 1, -1, -1, 1, 4, -1, -1, -1, -1, -1, -1, -1], [-1, 1, 0, 0, -1, -1, 6, -1, -1, -1, -1, 0, -1, -1], [-1, 1, 0, 0, -1, 1, 6, -1, -1, -1, -1, -1, -1, -1], [1, 1, -1, -1, -1, -1, 7, -1, -1, -1, -1, -1, -1, 0], [0, -1, -1, -1, -1, -1, -1, -1, -1, -1, -1, -1, -1, 1], [0, -1, -1, -1, -1, -1, 10, -1, -1, -1, -1, -1, -1, -1], [0, -1, -1, -1, -1, -1, 7, -1, -1, -1, -1, -1, -1, 0], [0, -1, -1, -1, -1, -1, 7, 0, -1, -1, 0, -1, -1, -1], [0, -1, -1, -1, -1, -1, 6, -1, -1, -1, -1, -1, -1, -1], [0, -1, -1, -1, -1, -1, 5, -1, -1, -1, -1, -1, -1, -1], [0, -1, -1, 4, -1, 1, -1, -1, -1, -1, -1, -1, -1, -1], [0, -1, 1, -1, -1, 1, 4, -1, -1, -1, -1, -1, -1, -1], [0, -1, 0, -1, -1, -1, 7, -1, -1, -1, -1, -1, 1, -1], [0, -1, 0, -1, -1, -1, 7, 0, -1, -1, -1, -1, -1, -1], [0, -1, 0, -1, -1, 1, 3, -1, -1, -1, -1, -1, -1, -1], [0, -1, 0, 0, -1, 1, -1, 0, -1, -1, -1, -1, 1, -1], [0, -1, 0, 0, -1, 1, 7, -1, -1, -1, -1, -1, -1, -1], [0, 2, -1, 0, -1, -1, 3, -1, -1, -1, -1, -1, -1, -1], [0, 2, 0, 0, -1, 1, -1, 0, -1, -1, -1, -1, -1, -1], [0, 1, -1, 4, -1, -1, -1, -1, -1, -1, -1, -1, -1, -1], [0, 1, 0, -1, -1, 0, 4, 0, -1, -1, -1, -1, -1, -1], [0, 1, 0, -1, 0, 0, 4, -1, -1, -1, -1, -1, -1, 0]]
15 93 
 [[-1, -1, -1, -1, -1, -1, -1, -1, -1, -1, -1, -1, 1, -1, 1], [-1, -1, -1, -1, -1, -1, -1, -1, -1, -1, -1, -1, 1, 1, -1], [-1, -1, -1, -1, -1, -1, -1, -1, -1, -1, -1, -1, 0, -1, -1], [-1, -1, -1, -1, -1, -1, -1, 0, -1, -1, -1, -1, -1, 0, 1], [-1, -1, -1, -1, -1, -1, 10, -1, -1, -1, -1, -1, -1, -1, 1], [-1, -1, -1, -1, -1, -1, 10, -1, -1, -1, -1, -1, -1, 1, -1], [-1, -1, -1, -1, -1, -1, 9, -1, -1, -1, -1, -1, -1, -1, -1], [-1, -1, -1, -1, -1, -1, 8, -1, -1, -1, -1, -1, -1, -1, -1], [-1, -1, -1, -1, -1, -1, 7, -1, -1, -1, -1, -1, -1, 0, 1], [-1, -1, -1, -1, -1, -1, 7, 0, -1, -1, -1, -1, -1, 0, -1], [-1, -1, -1, -1, -1, -1, 7, 0, -1, -1, 0, -1, -1, -1, 1], [-1, -1, -1, -1, -1, -1, 6, -1, -1, -1, -1, -1, -1, -1, 1], [-1, -1, -1, -1, -1, -1, 5, -1, -1, -1, -1, -1, -1, -1, 1], [-1, -1, -1, -1, -1, -1, 5, -1, -1, -1, -1, -1, -1, 1, -1], [-1, -1, -1, -1, -1, -1, 5, -1, -1, -1, -1, -1, 1, -1, -1], [-1, -1, -1, -1, -1, -1, 5, 0, -1, -1, -1, -1, -1, -1, -1], [-1, -1, -1, -1, -1, 1, -1, -1, -1, -1, -1, -1, -1, 0, 1], [-1, -1, -1, -1, -1, 1, -1, 0, -1, -1, 0, 0, -1, -1, 1], [-1, -1, -1, -1, -1, 1, 10, -1, -1, -1, -1, -1, -1, -1, -1], [-1, -1, -1, -1, -1, 1, 7, -1, -1, -1, -1, -1, -1, -1, 0], [-1, -1, -1, -1, -1, 1, 7, -1, -1, -1, -1, -1, -1, 0, -1], [-1, -1, -1, -1, -1, 1, 7, 0, -1, -1, 0, -1, -1, -1, -1], [-1, -1, -1, -1, -1, 1, 5, -1, -1, -1, -1, -1, -1, -1, -1], [-1, -1, -1, -1, -1, 0, -1, 0, -1, -1, -1, -1, -1, -1, 1], [-1, -1, -1, -1, -1, 0, -1, 0, -1, -1, -1, -1, -1, 1, -1], [-1, -1, -1, -1, -1, 0, 7, -1, -1, -1, -1, -1, -1, -1, 1], [-1, -1, -1, -1, -1, 0, 7, -1, -1, -1, -1, -1, 1, -1, -1], [-1, -1, -1, -1, -1, 0, 6, -1, -1, -1, -1, -1, -1, -1, -1], [-1, -1, -1, -1, 2, -1, -1, -1, -1, -1, -1, -1, -1, -1, -1], [-1, -1, -1, -1, 1, -1, -1, -1, -1, -1, -1, -1, -1, -1, -1], [-1, -1, -1, 1, -1, -1, -1, -1, -1, -1, -1, -1, -1, -1, 1], [-1, -1, -1, 1, -1, -1, -1, -1, -1, -1, -1, -1, -1, 1, -1], [-1, -1, -1, 0, -1, -1, 7, -1, -1, -1, -1, -1, -1, 0, -1], [-1, -1, -1, 0, -1, -1, 5, -1, -1, -1, -1, -1, -1, -1, -1], [-1, -1, 3, -1, -1, -1, -1, -1, -1, -1, -1, -1, -1, 1, -1], [-1, -1, 3, -1, -1, 0, -1, -1, -1, -1, -1, -1, -1, -1, 1], [-1, -1, 3, 0, -1, -1, -1, -1, -1, -1, -1, -1, -1, -1, 1], [-1, -1, 2, -1, -1, -1, -1, 0, -1, -1, -1, -1, -1, 1, -1], [-1, -1, 2, -1, -1, -1, 5, -1, -1, -1, -1, -1, -1, -1, -1], [-1, -1, 2, 0, -1, -1, -1, -1, -1, -1, -1, -1, -1, 1, -1], [-1, -1, 1, -1, -1, -1, 7, -1, -1, -1, -1, -1, -1, -1, -1], [-1, -1, 1, -1, -1, -1, 5, -1, -1, -1, -1, -1, -1, -1, -1], [-1, -1, 1, -1, -1, -1, 2, -1, -1, -1, -1, -1, 1, -1, -1], [-1, -1, 1, -1, -1, 1, -1, -1, -1, -1, -1, -1, -1, -1, 1], [-1, -1, 1, -1, -1, 1, -1, -1, -1, -1, 0, -1, -1, 1, -1], [-1, -1, 1, 4, -1, -1, -1, -1, -1, -1, -1, -1, -1, -1, -1], [-1, -1, 0, -1, -1, -1, -1, -1, -1, -1, -1, -1, -1, 0, 1], [-1, -1, 0, -1, -1, -1, -1, 0, -1, -1, -1, -1, -1, -1, 1], [-1, -1, 0, -1, -1, -1, 6, -1, -1, -1, -1, -1, -1, 0, -1], [-1, -1, 0, -1, -1, -1, 6, 0, -1, -1, -1, 0, -1, -1, -1], [-1, -1, 0, -1, -1, 1, 7, 0, -1, -1, -1, -1, -1, -1, -1], [-1, -1, 0, -1, -1, 0, -1, -1, -1, -1, -1, -1, -1, -1, 1], [-1, -1, 0, -1, -1, 0, 10, -1, -1, -1, -1, -1, -1, -1, -1], [-1, -1, 0, 0, -1, -1, 6, 0, -1, -1, -1, -1, -1, -1, -1], [-1, -1, 0, 0, -1, 1, 3, -1, -1, -1, -1, -1, -1, -1, -1], [-1, -1, 0, 0, 0, 1, 6, -1, -1, -1, -1, 0, -1, -1, -1], [-1, 2, -1, -1, -1, -1, -1, -1, -1, -1, -1, -1, -1, -1, 1], [-1, 2, -1, -1, -1, -1, -1, -1, -1, -1, -1, -1, -1, 1, -1], [-1, 2, -1, -1, -1, -1, 7, -1, -1, -1, -1, -1, -1, -1, -1], [-1, 2, -1, -1, -1, -1, 6, -1, -1, -1, -1, -1, -1, -1, -1], [-1, 1, -1, -1, -1, -1, -1, 0, -1, -1, -1, -1, -1, 1, -1], [-1, 1, -1, -1, -1, -1, 6, -1, -1, -1, -1, 0, 1, -1, -1], [-1, 1, -1, -1, -1, -1, 5, -1, -1, -1, -1, -1, -1, -1, -1], [-1, 1, -1, -1, -1, 0, -1, -1, -1, -1, -1, -1, -1, 1, -1], [-1, 1, -1, 0, -1, -1, 6, -1, -1, -1, -1, -1, 1, -1, -1], [-1, 1, 2, -1, -1, 0, -1, -1, -1, -1, -1, -1, -1, -1, 1], [-1, 1, 1, -1, -1, -1, -1, -1, -1, -1, 0, -1, -1, 1, -1], [-1, 1, 1, -1, -1, 1, 4, -1, -1, -1, -1, -1, -1, -1, -1], [-1, 1, 0, 0, -1, -1, 6, -1, -1, -1, -1, -1, -1, -1, 0], [-1, 1, 0, 0, -1, -1, 6, -1, -1, -1, -1, 0, -1, -1, -1], [-1, 1, 0, 0, -1, 1, 6, -1, -1, -1, -1, -1, -1, -1, -1], [1, -1, -1, 0, -1, 0, -1, -1, -1, -1, -1, -1, -1, 0, 1], [1, 1, -1, -1, -1, -1, 7, -1, -1, -1, -1, -1, -1, 0, -1], [0, -1, -1, -1, -1, -1, -1, -1, -1, -1, -1, -1, -1, -1, 1], [0, -1, -1, -1, -1, -1, -1, -1, -1, -1, -1, -1, -1, 1, -1], [0, -1, -1, -1, -1, -1, 10, -1, -1, -1, -1, -1, -1, -1, -1], [0, -1, -1, -1, -1, -1, 7, -1, -1, -1, -1, -1, -1, 0, -1], [0, -1, -1, -1, -1, -1, 7, 0, -1, -1, 0, -1, -1, -1, -1], [0, -1, -1, -1, -1, -1, 6, -1, -1, -1, -1, -1, -1, -1, -1], [0, -1, -1, -1, -1, -1, 5, -1, -1, -1, -1, -1, -1, -1, -1], [0, -1, -1, 4, -1, 1, -1, -1, -1, -1, -1, -1, -1, -1, -1], [0, -1, 1, -1, -1, 1, 4, -1, -1, -1, -1, -1, -1, -1, -1], [0, -1, 0, -1, -1, -1, 7, -1, -1, -1, -1, -1, 1, -1, -1], [0, -1, 0, -1, -1, -1, 7, 0, -1, -1, -1, -1, -1, -1, -1], [0, -1, 0, -1, -1, 1, 3, -1, -1, -1, -1, -1, -1, -1, -1], [0, -1, 0, 0, -1, 1, -1, 0, -1, -1, -1, -1, 1, -1, -1], [0, -1, 0, 0, -1, 1, 7, -1, -1, -1, -1, -1, -1, -1, -1], [0, 2, -1, 0, -1, -1, 3, -1, -1, -1, -1, -1, -1, -1, -1], [0, 2, 0, 0, -1, 1, -1, 0, -1, -1, -1, -1, -1, -1, -1], [0, 1, -1, 4, -1, -1, -1, -1, -1, -1, -1, -1, -1, -1, -1], [0, 1, 0, -1, -1, 0, 4, 0, -1, -1, -1, -1, -1, -1, -1], [0, 1, 0, -1, 0, 0, 4, -1, -1, -1, -1, -1, -1, -1, 0], [0, 1, 0, -1, 0, 0, 4, -1, -1, -1, -1, -1, -1, 0, -1]]
16 94 
 [[-1, -1, -1, -1, -1, -1, -1, -1, -1, -1, -1, -1, -1, -1, -1, 1], [-1, -1, -1, -1, -1, -1, -1, -1, -1, -1, -1, -1, 1, -1, 1, -1], [-1, -1, -1, -1, -1, -1, -1, -1, -1, -1, -1, -1, 1, 1, -1, -1], [-1, -1, -1, -1, -1, -1, -1, -1, -1, -1, -1, -1, 0, -1, -1, -1], [-1, -1, -1, -1, -1, -1, -1, 0, -1, -1, -1, -1, -1, 0, 1, -1], [-1, -1, -1, -1, -1, -1, 10, -1, -1, -1, -1, -1, -1, -1, 1, -1], [-1, -1, -1, -1, -1, -1, 10, -1, -1, -1, -1, -1, -1, 1, -1, -1], [-1, -1, -1, -1, -1, -1, 9, -1, -1, -1, -1, -1, -1, -1, -1, -1], [-1, -1, -1, -1, -1, -1, 8, -1, -1, -1, -1, -1, -1, -1, -1, -1], [-1, -1, -1, -1, -1, -1, 7, -1, -1, -1, -1, -1, -1, 0, 1, -1], [-1, -1, -1, -1, -1, -1, 7, 0, -1, -1, -1, -1, -1, 0, -1, -1], [-1, -1, -1, -1, -1, -1, 7, 0, -1, -1, 0, -1, -1, -1, 1, -1], [-1, -1, -1, -1, -1, -1, 6, -1, -1, -1, -1, -1, -1, -1, 1, -1], [-1, -1, -1, -1, -1, -1, 5, -1, -1, -1, -1, -1, -1, -1, 1, -1], [-1, -1, -1, -1, -1, -1, 5, -1, -1, -1, -1, -1, -1, 1, -1, -1], [-1, -1, -1, -1, -1, -1, 5, -1, -1, -1, -1, -1, 1, -1, -1, -1], [-1, -1, -1, -1, -1, -1, 5, 0, -1, -1, -1, -1, -1, -1, -1, -1], [-1, -1, -1, -1, -1, 1, -1, -1, -1, -1, -1, -1, -1, 0, 1, -1], [-1, -1, -1, -1, -1, 1, -1, 0, -1, -1, 0, 0, -1, -1, 1, -1], [-1, -1, -1, -1, -1, 1, 10, -1, -1, -1, -1, -1, -1, -1, -1, -1], [-1, -1, -1, -1, -1, 1, 7, -1, -1, -1, -1, -1, -1, -1, 0, -1], [-1, -1, -1, -1, -1, 1, 7, -1, -1, -1, -1, -1, -1, 0, -1, -1], [-1, -1, -1, -1, -1, 1, 7, 0, -1, -1, 0, -1, -1, -1, -1, -1], [-1, -1, -1, -1, -1, 1, 5, -1, -1, -1, -1, -1, -1, -1, -1, -1], [-1, -1, -1, -1, -1, 0, -1, 0, -1, -1, -1, -1, -1, -1, 1, -1], [-1, -1, -1, -1, -1, 0, -1, 0, -1, -1, -1, -1, -1, 1, -1, -1], [-1, -1, -1, -1, -1, 0, 7, -1, -1, -1, -1, -1, -1, -1, 1, -1], [-1, -1, -1, -1, -1, 0, 7, -1, -1, -1, -1, -1, 1, -1, -1, -1], [-1, -1, -1, -1, -1, 0, 6, -1, -1, -1, -1, -1, -1, -1, -1, -1], [-1, -1, -1, -1, 2, -1, -1, -1, -1, -1, -1, -1, -1, -1, -1, -1], [-1, -1, -1, -1, 1, -1, -1, -1, -1, -1, -1, -1, -1, -1, -1, -1], [-1, -1, -1, 1, -1, -1, -1, -1, -1, -1, -1, -1, -1, -1, 1, -1], [-1, -1, -1, 1, -1, -1, -1, -1, -1, -1, -1, -1, -1, 1, -1, -1], [-1, -1, -1, 0, -1, -1, 7, -1, -1, -1, -1, -1, -1, 0, -1, -1], [-1, -1, -1, 0, -1, -1, 5, -1, -1, -1, -1, -1, -1, -1, -1, -1], [-1, -1, 3, -1, -1, -1, -1, -1, -1, -1, -1, -1, -1, 1, -1, -1], [-1, -1, 3, -1, -1, 0, -1, -1, -1, -1, -1, -1, -1, -1, 1, -1], [-1, -1, 3, 0, -1, -1, -1, -1, -1, -1, -1, -1, -1, -1, 1, -1], [-1, -1, 2, -1, -1, -1, -1, 0, -1, -1, -1, -1, -1, 1, -1, -1], [-1, -1, 2, -1, -1, -1, 5, -1, -1, -1, -1, -1, -1, -1, -1, -1], [-1, -1, 2, 0, -1, -1, -1, -1, -1, -1, -1, -1, -1, 1, -1, -1], [-1, -1, 1, -1, -1, -1, 7, -1, -1, -1, -1, -1, -1, -1, -1, -1], [-1, -1, 1, -1, -1, -1, 5, -1, -1, -1, -1, -1, -1, -1, -1, -1], [-1, -1, 1, -1, -1, -1, 2, -1, -1, -1, -1, -1, 1, -1, -1, -1], [-1, -1, 1, -1, -1, 1, -1, -1, -1, -1, -1, -1, -1, -1, 1, -1], [-1, -1, 1, -1, -1, 1, -1, -1, -1, -1, 0, -1, -1, 1, -1, -1], [-1, -1, 1, 4, -1, -1, -1, -1, -1, -1, -1, -1, -1, -1, -1, -1], [-1, -1, 0, -1, -1, -1, -1, -1, -1, -1, -1, -1, -1, 0, 1, -1], [-1, -1, 0, -1, -1, -1, -1, 0, -1, -1, -1, -1, -1, -1, 1, -1], [-1, -1, 0, -1, -1, -1, 6, -1, -1, -1, -1, -1, -1, 0, -1, -1], [-1, -1, 0, -1, -1, -1, 6, 0, -1, -1, -1, 0, -1, -1, -1, -1], [-1, -1, 0, -1, -1, 1, 7, 0, -1, -1, -1, -1, -1, -1, -1, -1], [-1, -1, 0, -1, -1, 0, -1, -1, -1, -1, -1, -1, -1, -1, 1, -1], [-1, -1, 0, -1, -1, 0, 10, -1, -1, -1, -1, -1, -1, -1, -1, -1], [-1, -1, 0, 0, -1, -1, 6, 0, -1, -1, -1, -1, -1, -1, -1, -1], [-1, -1, 0, 0, -1, 1, 3, -1, -1, -1, -1, -1, -1, -1, -1, -1], [-1, -1, 0, 0, 0, 1, 6, -1, -1, -1, -1, 0, -1, -1, -1, -1], [-1, 2, -1, -1, -1, -1, -1, -1, -1, -1, -1, -1, -1, -1, 1, -1], [-1, 2, -1, -1, -1, -1, -1, -1, -1, -1, -1, -1, -1, 1, -1, -1], [-1, 2, -1, -1, -1, -1, 7, -1, -1, -1, -1, -1, -1, -1, -1, -1], [-1, 2, -1, -1, -1, -1, 6, -1, -1, -1, -1, -1, -1, -1, -1, -1], [-1, 1, -1, -1, -1, -1, -1, 0, -1, -1, -1, -1, -1, 1, -1, -1], [-1, 1, -1, -1, -1, -1, 6, -1, -1, -1, -1, 0, 1, -1, -1, -1], [-1, 1, -1, -1, -1, -1, 5, -1, -1, -1, -1, -1, -1, -1, -1, -1], [-1, 1, -1, -1, -1, 0, -1, -1, -1, -1, -1, -1, -1, 1, -1, -1], [-1, 1, -1, 0, -1, -1, 6, -1, -1, -1, -1, -1, 1, -1, -1, -1], [-1, 1, 2, -1, -1, 0, -1, -1, -1, -1, -1, -1, -1, -1, 1, -1], [-1, 1, 1, -1, -1, -1, -1, -1, -1, -1, 0, -1, -1, 1, -1, -1], [-1, 1, 1, -1, -1, 1, 4, -1, -1, -1, -1, -1, -1, -1, -1, -1], [-1, 1, 0, 0, -1, -1, 6, -1, -1, -1, -1, -1, -1, -1, 0, -1], [-1, 1, 0, 0, -1, -1, 6, -1, -1, -1, -1, 0, -1, -1, -1, -1], [-1, 1, 0, 0, -1, 1, 6, -1, -1, -1, -1, -1, -1, -1, -1, -1], [1, -1, -1, 0, -1, 0, -1, -1, -1, -1, -1, -1, -1, 0, 1, -1], [1, 1, -1, -1, -1, -1, 7, -1, -1, -1, -1, -1, -1, 0, -1, -1], [0, -1, -1, -1, -1, -1, -1, -1, -1, -1, -1, -1, -1, -1, 1, -1], [0, -1, -1, -1, -1, -1, -1, -1, -1, -1, -1, -1, -1, 1, -1, -1], [0, -1, -1, -1, -1, -1, 10, -1, -1, -1, -1, -1, -1, -1, -1, -1], [0, -1, -1, -1, -1, -1, 7, -1, -1, -1, -1, -1, -1, 0, -1, -1], [0, -1, -1, -1, -1, -1, 7, 0, -1, -1, 0, -1, -1, -1, -1, -1], [0, -1, -1, -1, -1, -1, 6, -1, -1, -1, -1, -1, -1, -1, -1, -1], [0, -1, -1, -1, -1, -1, 5, -1, -1, -1, -1, -1, -1, -1, -1, -1], [0, -1, -1, 4, -1, 1, -1, -1, -1, -1, -1, -1, -1, -1, -1, -1], [0, -1, 1, -1, -1, 1, 4, -1, -1, -1, -1, -1, -1, -1, -1, -1], [0, -1, 0, -1, -1, -1, 7, -1, -1, -1, -1, -1, 1, -1, -1, -1], [0, -1, 0, -1, -1, -1, 7, 0, -1, -1, -1, -1, -1, -1, -1, -1], [0, -1, 0, -1, -1, 1, 3, -1, -1, -1, -1, -1, -1, -1, -1, -1], [0, -1, 0, 0, -1, 1, -1, 0, -1, -1, -1, -1, 1, -1, -1, -1], [0, -1, 0, 0, -1, 1, 7, -1, -1, -1, -1, -1, -1, -1, -1, -1], [0, 2, -1, 0, -1, -1, 3, -1, -1, -1, -1, -1, -1, -1, -1, -1], [0, 2, 0, 0, -1, 1, -1, 0, -1, -1, -1, -1, -1, -1, -1, -1], [0, 1, -1, 4, -1, -1, -1, -1, -1, -1, -1, -1, -1, -1, -1, -1], [0, 1, 0, -1, -1, 0, 4, 0, -1, -1, -1, -1, -1, -1, -1, -1], [0, 1, 0, -1, 0, 0, 4, -1, -1, -1, -1, -1, -1, -1, 0, -1], [0, 1, 0, -1, 0, 0, 4, -1, -1, -1, -1, -1, -1, 0, -1, -1]]
