overall FPR: 0.3670564311133706
execution time
0.05 0.4659848213195801
0.1 0.5633630752563477
0.15 0.6066470146179199
0.2 0.6215329170227051
0.25 0.62434983253479
0.3 0.6457841396331787


number of calculations
0.05 6663.0
0.1 8488.0
0.15 9270.0
0.2 9408.0
0.25 9607.0
0.3 9989.0


number of patterns found
0.05 33 
 [[-1, -1, -1, -1, -1, -1, 10], [-1, -1, -1, -1, -1, -1, 9], [-1, -1, -1, -1, -1, -1, 8], [-1, -1, -1, -1, -1, -1, 7], [-1, -1, -1, -1, -1, -1, 6], [-1, -1, -1, -1, -1, -1, 5], [-1, -1, -1, -1, -1, -1, 4], [-1, -1, -1, -1, 2, -1, -1], [-1, -1, -1, -1, 1, -1, -1], [-1, -1, -1, 4, -1, -1, -1], [-1, -1, -1, 0, -1, 0, 3], [-1, -1, 3, -1, -1, 0, -1], [-1, -1, 1, 0, -1, 1, 3], [-1, -1, 0, -1, -1, -1, 3], [-1, -1, 0, 0, -1, 0, -1], [-1, 2, -1, -1, -1, -1, 3], [-1, 2, 0, -1, -1, -1, 2], [-1, 2, 0, 0, -1, -1, -1], [-1, 1, -1, -1, -1, 0, -1], [-1, 1, -1, 5, -1, -1, -1], [-1, 1, -1, 2, -1, -1, -1], [-1, 1, 3, 0, -1, -1, -1], [-1, 1, 1, -1, -1, -1, -1], [-1, 0, 1, -1, -1, -1, -1], [0, -1, -1, -1, -1, -1, 3], [0, -1, 3, -1, -1, -1, 2], [0, -1, 3, 0, -1, -1, -1], [0, -1, 1, -1, -1, -1, 2], [0, -1, 1, 5, -1, 1, -1], [0, -1, 0, -1, -1, -1, -1], [0, 2, -1, -1, -1, 0, 2], [0, 1, -1, -1, -1, -1, -1], [0, 0, -1, -1, -1, -1, -1]]
0.1 33 
 [[-1, -1, -1, -1, -1, -1, 10], [-1, -1, -1, -1, -1, -1, 9], [-1, -1, -1, -1, -1, -1, 8], [-1, -1, -1, -1, -1, -1, 7], [-1, -1, -1, -1, -1, -1, 6], [-1, -1, -1, -1, -1, -1, 5], [-1, -1, -1, -1, 2, -1, -1], [-1, -1, -1, -1, 1, -1, -1], [-1, -1, -1, 4, -1, -1, -1], [-1, -1, -1, 1, -1, -1, 4], [-1, -1, 1, -1, -1, 1, 4], [-1, -1, 0, -1, -1, 1, 3], [-1, -1, 0, 0, -1, -1, 3], [-1, 2, -1, 0, -1, -1, 3], [-1, 2, 0, 0, -1, 0, -1], [-1, 1, 3, 0, -1, 0, -1], [-1, 1, 0, -1, -1, 0, 3], [-1, 0, 1, -1, -1, -1, -1], [1, 1, 1, -1, -1, 0, -1], [0, -1, -1, -1, -1, -1, 4], [0, -1, -1, 0, -1, 1, 3], [0, -1, 3, 0, -1, 0, -1], [0, -1, 1, -1, -1, 1, 3], [0, -1, 0, -1, -1, -1, 3], [0, 2, -1, -1, -1, -1, 3], [0, 2, 0, -1, -1, 1, -1], [0, 2, 0, 0, -1, -1, -1], [0, 1, -1, 5, -1, -1, -1], [0, 1, -1, 2, -1, -1, -1], [0, 1, 3, -1, -1, 0, -1], [0, 1, 1, -1, -1, 1, -1], [0, 1, 0, 1, -1, -1, -1], [0, 0, -1, -1, -1, -1, -1]]
0.15 28 
 [[-1, -1, -1, -1, -1, -1, 10], [-1, -1, -1, -1, -1, -1, 9], [-1, -1, -1, -1, -1, -1, 8], [-1, -1, -1, -1, -1, -1, 5], [-1, -1, -1, -1, -1, 0, 7], [-1, -1, -1, -1, -1, 0, 6], [-1, -1, -1, -1, 2, -1, -1], [-1, -1, -1, -1, 1, -1, -1], [-1, -1, -1, 4, -1, 0, -1], [-1, -1, -1, 0, -1, 1, 7], [-1, -1, 1, -1, -1, -1, 7], [-1, -1, 1, -1, -1, -1, 6], [-1, -1, 1, -1, -1, 1, 4], [-1, -1, 1, 4, -1, -1, -1], [-1, -1, 0, -1, -1, -1, 6], [-1, -1, 0, 0, -1, 1, 3], [-1, 2, -1, -1, -1, -1, 7], [-1, 2, -1, -1, -1, -1, 6], [-1, 2, -1, 0, -1, -1, 3], [0, -1, -1, -1, -1, -1, 7], [0, -1, -1, -1, -1, -1, 6], [0, -1, -1, 4, -1, -1, -1], [0, -1, 1, -1, -1, 1, 3], [0, -1, 0, -1, -1, 1, 3], [0, -1, 0, 0, -1, -1, 3], [0, 1, -1, 5, -1, -1, -1], [0, 1, 3, 0, -1, 0, -1], [0, 1, 0, -1, -1, -1, 3]]
0.2 30 
 [[-1, -1, -1, -1, -1, -1, 9], [-1, -1, -1, -1, -1, -1, 8], [-1, -1, -1, -1, -1, 1, 10], [-1, -1, -1, -1, -1, 1, 5], [-1, -1, -1, -1, -1, 0, 6], [-1, -1, -1, -1, 2, -1, -1], [-1, -1, -1, -1, 1, -1, -1], [-1, -1, -1, 0, -1, -1, 5], [-1, -1, 2, -1, -1, -1, 5], [-1, -1, 1, -1, -1, -1, 7], [-1, -1, 1, -1, -1, -1, 5], [-1, -1, 1, 4, -1, -1, -1], [-1, -1, 0, -1, -1, 0, 10], [-1, -1, 0, 0, -1, 1, 7], [-1, -1, 0, 0, -1, 1, 3], [-1, 2, -1, -1, -1, -1, 7], [-1, 2, -1, -1, -1, -1, 6], [-1, 1, -1, -1, -1, -1, 5], [-1, 1, 1, -1, -1, 1, 4], [-1, 1, 0, 0, -1, 1, 6], [0, -1, -1, -1, -1, -1, 10], [0, -1, -1, -1, -1, -1, 6], [0, -1, -1, -1, -1, -1, 5], [0, -1, -1, 4, -1, 1, -1], [0, -1, 1, -1, -1, 1, 4], [0, -1, 0, -1, -1, 1, 7], [0, -1, 0, -1, -1, 1, 3], [0, -1, 0, 0, -1, -1, 7], [0, 2, -1, 0, -1, -1, 3], [0, 1, -1, 4, -1, -1, -1]]
0.25 35 
 [[-1, -1, -1, -1, -1, -1, 9], [-1, -1, -1, -1, -1, 1, 10], [-1, -1, -1, -1, -1, 1, 8], [-1, -1, -1, -1, 2, -1, -1], [-1, -1, -1, -1, 1, -1, -1], [-1, -1, -1, -1, 0, -1, 8], [-1, -1, 2, -1, -1, -1, 5], [-1, -1, 1, -1, -1, -1, 7], [-1, -1, 1, -1, -1, 1, 5], [-1, -1, 1, -1, -1, 0, 6], [-1, -1, 1, 4, -1, -1, -1], [-1, -1, 1, 0, -1, -1, 8], [-1, -1, 0, -1, -1, -1, 8], [-1, -1, 0, -1, -1, 0, 10], [-1, -1, 0, 0, -1, 1, 3], [-1, 2, -1, -1, -1, -1, 7], [-1, 2, -1, -1, -1, 0, 6], [-1, 1, -1, -1, -1, -1, 8], [-1, 1, -1, 0, -1, 0, 5], [-1, 1, 1, -1, -1, -1, 5], [-1, 1, 1, -1, -1, 1, 4], [-1, 1, 0, -1, 0, 0, 6], [1, -1, -1, -1, -1, -1, 8], [1, 1, -1, -1, -1, 0, 6], [0, -1, -1, -1, -1, -1, 10], [0, -1, -1, -1, -1, -1, 5], [0, -1, -1, -1, -1, 0, 8], [0, -1, -1, 0, 0, 1, 6], [0, -1, 1, -1, -1, 1, 4], [0, -1, 0, -1, -1, -1, 6], [0, -1, 0, -1, -1, 1, 3], [0, -1, 0, 0, -1, 1, 7], [0, 2, -1, -1, -1, -1, 6], [0, 1, -1, -1, -1, 1, 6], [0, 1, -1, 4, -1, 1, -1]]
0.3 40 
 [[-1, -1, -1, -1, -1, -1, 9], [-1, -1, -1, -1, -1, 1, 8], [-1, -1, -1, -1, 2, -1, -1], [-1, -1, -1, -1, 1, -1, 10], [-1, -1, -1, -1, 1, -1, 5], [-1, -1, -1, -1, 1, -1, 4], [-1, -1, -1, 1, 1, -1, -1], [-1, -1, -1, 0, 1, 0, 6], [-1, -1, 2, -1, -1, -1, 5], [-1, -1, 1, -1, -1, -1, 7], [-1, -1, 1, -1, 1, -1, -1], [-1, -1, 0, -1, -1, -1, 8], [-1, -1, 0, -1, -1, 0, 10], [-1, -1, 0, -1, 1, 0, 6], [-1, -1, 0, 0, -1, 1, 3], [-1, 2, -1, -1, 1, 1, -1], [-1, 2, 0, 0, 1, -1, -1], [-1, 1, -1, -1, 1, -1, -1], [-1, 1, -1, 0, 0, -1, 8], [-1, 1, 1, -1, -1, -1, 8], [-1, 1, 1, -1, -1, -1, 5], [1, -1, -1, -1, 0, -1, 8], [1, -1, -1, 0, -1, -1, 8], [1, 1, -1, -1, -1, 0, 6], [0, -1, -1, -1, -1, 1, 10], [0, -1, -1, -1, 1, -1, 8], [0, -1, -1, -1, 1, 0, 6], [0, -1, -1, 0, -1, -1, 10], [0, -1, -1, 0, -1, 0, 5], [0, -1, 1, -1, -1, -1, 5], [0, -1, 0, -1, -1, 1, 3], [0, -1, 0, -1, 0, 0, 5], [0, -1, 0, 0, 0, -1, 6], [0, 2, -1, -1, -1, 0, 6], [0, 2, -1, 0, -1, -1, 6], [0, 2, -1, 0, -1, -1, 5], [0, 1, -1, -1, -1, -1, 10], [0, 1, 1, -1, -1, 1, 4], [0, 1, 0, -1, -1, 1, 6], [0, 1, 0, -1, 0, -1, 6]]
