
execution time
10 1.0760140419006348
20 0.9048209190368652
30 0.773400068283081
40 0.67881178855896
50 0.6137659549713135
60 0.5610711574554443
70 0.5269129276275635
80 0.4980611801147461
90 0.4819509983062744
100 0.4591951370239258


number of calculations
10 16102.0
20 13624.0
30 11781.0
40 10557.0
50 9430.0
60 8650.0
70 8118.0
80 7643.0
90 7254.0
100 6853.0


number of patterns found
10 81 
 [[-1, -1, -1, -1, -1, -1, 9], [-1, -1, -1, -1, -1, -1, 8], [-1, -1, -1, -1, -1, 1, 10], [-1, -1, -1, -1, -1, 1, 5], [-1, -1, -1, -1, -1, 0, 6], [-1, -1, -1, -1, 3, -1, -1], [-1, -1, -1, -1, 2, -1, -1], [-1, -1, -1, -1, 1, -1, -1], [-1, -1, -1, 6, -1, 0, -1], [-1, -1, -1, 5, -1, -1, 7], [-1, -1, -1, 5, -1, -1, 5], [-1, -1, -1, 5, -1, -1, 4], [-1, -1, -1, 4, -1, -1, 5], [-1, -1, -1, 4, -1, -1, 4], [-1, -1, -1, 4, -1, -1, 3], [-1, -1, -1, 2, -1, -1, 6], [-1, -1, -1, 1, -1, -1, 6], [-1, -1, -1, 1, 0, 0, 4], [-1, -1, -1, 0, -1, -1, 5], [-1, -1, 3, -1, -1, -1, 10], [-1, -1, 3, -1, -1, -1, 5], [-1, -1, 3, -1, -1, -1, 4], [-1, -1, 3, -1, -1, 0, 7], [-1, -1, 3, -1, -1, 0, 3], [-1, -1, 3, 1, -1, -1, 2], [-1, -1, 2, -1, -1, -1, 6], [-1, -1, 2, -1, -1, -1, 5], [-1, -1, 2, 2, -1, 0, -1], [-1, -1, 2, 0, -1, -1, 10], [-1, -1, 1, -1, -1, -1, 7], [-1, -1, 1, -1, -1, -1, 5], [-1, -1, 1, 4, -1, -1, -1], [-1, -1, 1, 1, -1, -1, 4], [-1, -1, 0, -1, -1, 0, 10], [-1, -1, 0, 6, -1, -1, -1], [-1, -1, 0, 0, -1, 1, 3], [-1, 2, -1, -1, -1, -1, 10], [-1, 2, -1, -1, -1, -1, 7], [-1, 2, -1, -1, -1, -1, 6], [-1, 2, -1, -1, -1, 1, 3], [-1, 2, -1, 4, -1, -1, -1], [-1, 2, 2, -1, -1, -1, 3], [-1, 2, 0, 0, -1, -1, 3], [-1, 2, 0, 0, -1, 0, 2], [-1, 1, -1, -1, -1, -1, 5], [-1, 1, -1, 6, -1, -1, -1], [-1, 1, -1, 1, -1, -1, 4], [-1, 1, 2, -1, -1, -1, 10], [-1, 1, 1, -1, -1, 1, 4], [-1, 1, 1, 5, -1, 1, -1], [-1, 1, 1, 2, -1, -1, -1], [-1, 1, 0, 1, -1, 0, 2], [-1, 1, 0, 0, -1, 1, 6], [-1, 0, -1, -1, -1, -1, 5], [-1, 0, -1, -1, -1, 1, -1], [1, 2, -1, -1, -1, 0, 3], [1, 2, 2, -1, 0, 0, -1], [1, 1, 1, 1, -1, 0, -1], [0, -1, -1, -1, -1, -1, 10], [0, -1, -1, -1, -1, -1, 6], [0, -1, -1, -1, -1, -1, 5], [0, -1, -1, 6, -1, -1, -1], [0, -1, -1, 4, -1, 1, -1], [0, -1, 2, 4, -1, -1, -1], [0, -1, 1, -1, -1, 1, 4], [0, -1, 1, 5, -1, -1, 2], [0, -1, 0, -1, -1, 1, 3], [0, -1, 0, 2, -1, 1, -1], [0, -1, 0, 1, 0, -1, 4], [0, -1, 0, 0, -1, 1, 7], [0, 2, -1, 0, -1, -1, 3], [0, 2, 0, -1, -1, -1, 3], [0, 2, 0, -1, -1, -1, 2], [0, 2, 0, 5, -1, 0, -1], [0, 1, -1, 5, -1, -1, 1], [0, 1, -1, 4, -1, -1, -1], [0, 1, 3, -1, -1, 0, 2], [0, 1, 1, 5, -1, -1, -1], [0, 1, 1, 1, -1, 1, -1], [0, 1, 0, 1, -1, -1, 2], [0, 0, 1, -1, -1, -1, -1]]
20 60 
 [[-1, -1, -1, -1, -1, -1, 9], [-1, -1, -1, -1, -1, -1, 8], [-1, -1, -1, -1, -1, 1, 10], [-1, -1, -1, -1, -1, 1, 5], [-1, -1, -1, -1, -1, 0, 6], [-1, -1, -1, -1, 3, -1, -1], [-1, -1, -1, -1, 2, -1, -1], [-1, -1, -1, -1, 1, -1, -1], [-1, -1, -1, 6, -1, 0, -1], [-1, -1, -1, 5, -1, -1, 4], [-1, -1, -1, 4, -1, -1, 5], [-1, -1, -1, 4, -1, -1, 4], [-1, -1, -1, 1, -1, -1, 6], [-1, -1, -1, 1, 0, 0, 4], [-1, -1, -1, 0, -1, -1, 5], [-1, -1, 3, -1, -1, -1, 5], [-1, -1, 3, -1, -1, -1, 4], [-1, -1, 3, -1, -1, 0, 3], [-1, -1, 3, 1, -1, -1, 2], [-1, -1, 2, -1, -1, -1, 6], [-1, -1, 2, -1, -1, -1, 5], [-1, -1, 2, 0, -1, -1, 10], [-1, -1, 1, -1, -1, -1, 7], [-1, -1, 1, -1, -1, -1, 5], [-1, -1, 1, 4, -1, -1, -1], [-1, -1, 0, -1, -1, 0, 10], [-1, -1, 0, 0, -1, 1, 3], [-1, 2, -1, -1, -1, -1, 10], [-1, 2, -1, -1, -1, -1, 7], [-1, 2, -1, -1, -1, -1, 6], [-1, 2, -1, -1, -1, 1, 3], [-1, 2, -1, 4, -1, -1, -1], [-1, 2, 0, 0, -1, -1, 3], [-1, 2, 0, 0, -1, 0, 2], [-1, 1, -1, -1, -1, -1, 5], [-1, 1, -1, 6, -1, -1, -1], [-1, 1, -1, 1, -1, -1, 4], [-1, 1, 1, -1, -1, 1, 4], [-1, 1, 1, 2, -1, -1, -1], [-1, 1, 0, 0, -1, 1, 6], [-1, 0, -1, -1, -1, -1, 5], [-1, 0, -1, -1, -1, 1, -1], [0, -1, -1, -1, -1, -1, 10], [0, -1, -1, -1, -1, -1, 6], [0, -1, -1, -1, -1, -1, 5], [0, -1, -1, 6, -1, -1, -1], [0, -1, -1, 4, -1, 1, -1], [0, -1, 1, -1, -1, 1, 4], [0, -1, 1, 5, -1, -1, 2], [0, -1, 0, -1, -1, 1, 3], [0, -1, 0, 0, -1, 1, 7], [0, 2, -1, 0, -1, -1, 3], [0, 2, 0, -1, -1, -1, 3], [0, 2, 0, -1, -1, -1, 2], [0, 1, -1, 4, -1, -1, -1], [0, 1, 3, -1, -1, 0, 2], [0, 1, 1, 5, -1, -1, -1], [0, 1, 1, 1, -1, 1, -1], [0, 1, 0, 1, -1, -1, 2], [0, 0, 1, -1, -1, -1, -1]]
30 42 
 [[-1, -1, -1, -1, -1, -1, 9], [-1, -1, -1, -1, -1, -1, 8], [-1, -1, -1, -1, -1, 1, 10], [-1, -1, -1, -1, -1, 1, 5], [-1, -1, -1, -1, -1, 0, 6], [-1, -1, -1, -1, 3, -1, -1], [-1, -1, -1, -1, 2, -1, -1], [-1, -1, -1, -1, 1, -1, -1], [-1, -1, -1, 1, -1, -1, 6], [-1, -1, -1, 0, -1, -1, 5], [-1, -1, 3, -1, -1, -1, 4], [-1, -1, 2, -1, -1, -1, 6], [-1, -1, 2, -1, -1, -1, 5], [-1, -1, 1, -1, -1, -1, 7], [-1, -1, 1, -1, -1, -1, 5], [-1, -1, 1, 4, -1, -1, -1], [-1, -1, 0, -1, -1, 0, 10], [-1, -1, 0, 0, -1, 1, 3], [-1, 2, -1, -1, -1, -1, 7], [-1, 2, -1, -1, -1, -1, 6], [-1, 2, -1, -1, -1, 1, 3], [-1, 2, -1, 4, -1, -1, -1], [-1, 2, 0, 0, -1, -1, 3], [-1, 2, 0, 0, -1, 0, 2], [-1, 1, -1, -1, -1, -1, 5], [-1, 1, -1, 1, -1, -1, 4], [-1, 1, 1, -1, -1, 1, 4], [-1, 1, 0, 0, -1, 1, 6], [-1, 0, -1, -1, -1, 1, -1], [0, -1, -1, -1, -1, -1, 10], [0, -1, -1, -1, -1, -1, 6], [0, -1, -1, -1, -1, -1, 5], [0, -1, -1, 4, -1, 1, -1], [0, -1, 1, -1, -1, 1, 4], [0, -1, 0, -1, -1, 1, 3], [0, -1, 0, 0, -1, 1, 7], [0, 2, -1, 0, -1, -1, 3], [0, 2, 0, -1, -1, -1, 3], [0, 2, 0, -1, -1, -1, 2], [0, 1, -1, 4, -1, -1, -1], [0, 1, 1, 5, -1, -1, -1], [0, 0, 1, -1, -1, -1, -1]]
40 34 
 [[-1, -1, -1, -1, -1, -1, 9], [-1, -1, -1, -1, -1, -1, 8], [-1, -1, -1, -1, -1, 1, 10], [-1, -1, -1, -1, -1, 1, 5], [-1, -1, -1, -1, -1, 0, 6], [-1, -1, -1, -1, 3, -1, -1], [-1, -1, -1, -1, 2, -1, -1], [-1, -1, -1, -1, 1, -1, -1], [-1, -1, -1, 0, -1, -1, 5], [-1, -1, 3, -1, -1, -1, 4], [-1, -1, 2, -1, -1, -1, 5], [-1, -1, 1, -1, -1, -1, 7], [-1, -1, 1, -1, -1, -1, 5], [-1, -1, 1, 4, -1, -1, -1], [-1, -1, 0, -1, -1, 0, 10], [-1, -1, 0, 0, -1, 1, 3], [-1, 2, -1, -1, -1, -1, 7], [-1, 2, -1, -1, -1, -1, 6], [-1, 2, -1, -1, -1, 1, 3], [-1, 1, -1, -1, -1, -1, 5], [-1, 1, 1, -1, -1, 1, 4], [-1, 1, 0, 0, -1, 1, 6], [-1, 0, -1, -1, -1, 1, -1], [0, -1, -1, -1, -1, -1, 10], [0, -1, -1, -1, -1, -1, 6], [0, -1, -1, -1, -1, -1, 5], [0, -1, -1, 4, -1, 1, -1], [0, -1, 1, -1, -1, 1, 4], [0, -1, 0, -1, -1, 1, 3], [0, -1, 0, 0, -1, 1, 7], [0, 2, -1, 0, -1, -1, 3], [0, 2, 0, -1, -1, -1, 3], [0, 2, 0, -1, -1, -1, 2], [0, 1, -1, 4, -1, -1, -1]]
50 28 
 [[-1, -1, -1, -1, -1, -1, 9], [-1, -1, -1, -1, -1, -1, 8], [-1, -1, -1, -1, -1, 1, 10], [-1, -1, -1, -1, -1, 1, 5], [-1, -1, -1, -1, -1, 0, 6], [-1, -1, -1, -1, 2, -1, -1], [-1, -1, -1, -1, 1, -1, -1], [-1, -1, -1, 0, -1, -1, 5], [-1, -1, 2, -1, -1, -1, 5], [-1, -1, 1, -1, -1, -1, 7], [-1, -1, 1, -1, -1, -1, 5], [-1, -1, 1, 4, -1, -1, -1], [-1, -1, 0, -1, -1, 0, 10], [-1, -1, 0, 0, -1, 1, 3], [-1, 2, -1, -1, -1, -1, 7], [-1, 2, -1, -1, -1, -1, 6], [-1, 1, -1, -1, -1, -1, 5], [-1, 1, 1, -1, -1, 1, 4], [-1, 1, 0, 0, -1, 1, 6], [0, -1, -1, -1, -1, -1, 10], [0, -1, -1, -1, -1, -1, 6], [0, -1, -1, -1, -1, -1, 5], [0, -1, -1, 4, -1, 1, -1], [0, -1, 1, -1, -1, 1, 4], [0, -1, 0, -1, -1, 1, 3], [0, -1, 0, 0, -1, 1, 7], [0, 2, -1, 0, -1, -1, 3], [0, 1, -1, 4, -1, -1, -1]]
60 27 
 [[-1, -1, -1, -1, -1, -1, 9], [-1, -1, -1, -1, -1, -1, 8], [-1, -1, -1, -1, -1, 1, 10], [-1, -1, -1, -1, -1, 1, 5], [-1, -1, -1, -1, -1, 0, 6], [-1, -1, -1, -1, 2, -1, -1], [-1, -1, -1, -1, 1, -1, -1], [-1, -1, -1, 0, -1, -1, 5], [-1, -1, 1, -1, -1, -1, 7], [-1, -1, 1, -1, -1, -1, 5], [-1, -1, 1, 4, -1, -1, -1], [-1, -1, 0, -1, -1, 0, 10], [-1, -1, 0, 0, -1, 1, 3], [-1, 2, -1, -1, -1, -1, 7], [-1, 2, -1, -1, -1, -1, 6], [-1, 1, -1, -1, -1, -1, 5], [-1, 1, 1, -1, -1, 1, 4], [-1, 1, 0, 0, -1, 1, 6], [0, -1, -1, -1, -1, -1, 10], [0, -1, -1, -1, -1, -1, 6], [0, -1, -1, -1, -1, -1, 5], [0, -1, -1, 4, -1, 1, -1], [0, -1, 1, -1, -1, 1, 4], [0, -1, 0, -1, -1, 1, 3], [0, -1, 0, 0, -1, 1, 7], [0, 2, -1, 0, -1, -1, 3], [0, 1, -1, 4, -1, -1, -1]]
70 25 
 [[-1, -1, -1, -1, -1, -1, 9], [-1, -1, -1, -1, -1, -1, 8], [-1, -1, -1, -1, -1, 1, 10], [-1, -1, -1, -1, -1, 1, 5], [-1, -1, -1, -1, -1, 0, 6], [-1, -1, -1, -1, 2, -1, -1], [-1, -1, -1, -1, 1, -1, -1], [-1, -1, -1, 0, -1, -1, 5], [-1, -1, 1, -1, -1, -1, 7], [-1, -1, 1, -1, -1, -1, 5], [-1, -1, 1, 4, -1, -1, -1], [-1, -1, 0, -1, -1, 0, 10], [-1, -1, 0, 0, -1, 1, 3], [-1, 2, -1, -1, -1, -1, 7], [-1, 2, -1, -1, -1, -1, 6], [-1, 1, -1, -1, -1, -1, 5], [-1, 1, 1, -1, -1, 1, 4], [-1, 1, 0, 0, -1, 1, 6], [0, -1, -1, -1, -1, -1, 10], [0, -1, -1, -1, -1, -1, 6], [0, -1, -1, -1, -1, -1, 5], [0, -1, 1, -1, -1, 1, 4], [0, -1, 0, -1, -1, 1, 3], [0, -1, 0, 0, -1, 1, 7], [0, 1, -1, 4, -1, -1, -1]]
80 19 
 [[-1, -1, -1, -1, -1, -1, 9], [-1, -1, -1, -1, -1, -1, 8], [-1, -1, -1, -1, -1, 1, 10], [-1, -1, -1, -1, -1, 1, 5], [-1, -1, -1, -1, -1, 0, 6], [-1, -1, -1, -1, 2, -1, -1], [-1, -1, -1, -1, 1, -1, -1], [-1, -1, -1, 0, -1, -1, 5], [-1, -1, 1, -1, -1, -1, 7], [-1, -1, 1, -1, -1, -1, 5], [-1, -1, 0, -1, -1, 0, 10], [-1, 2, -1, -1, -1, -1, 7], [-1, 2, -1, -1, -1, -1, 6], [-1, 1, -1, -1, -1, -1, 5], [0, -1, -1, -1, -1, -1, 10], [0, -1, -1, -1, -1, -1, 6], [0, -1, -1, -1, -1, -1, 5], [0, -1, 1, -1, -1, 1, 4], [0, 1, -1, 4, -1, -1, -1]]
90 16 
 [[-1, -1, -1, -1, -1, -1, 9], [-1, -1, -1, -1, -1, -1, 8], [-1, -1, -1, -1, -1, 1, 5], [-1, -1, -1, -1, -1, 0, 6], [-1, -1, -1, -1, 2, -1, -1], [-1, -1, -1, -1, 1, -1, -1], [-1, -1, -1, 0, -1, -1, 5], [-1, -1, 1, -1, -1, -1, 7], [-1, -1, 1, -1, -1, -1, 5], [-1, -1, 0, -1, -1, 0, 10], [-1, 2, -1, -1, -1, -1, 6], [-1, 1, -1, -1, -1, -1, 5], [0, -1, -1, -1, -1, -1, 10], [0, -1, -1, -1, -1, -1, 6], [0, -1, -1, -1, -1, -1, 5], [0, 1, -1, 4, -1, -1, -1]]
100 16 
 [[-1, -1, -1, -1, -1, -1, 9], [-1, -1, -1, -1, -1, -1, 8], [-1, -1, -1, -1, -1, 1, 5], [-1, -1, -1, -1, -1, 0, 6], [-1, -1, -1, -1, 2, -1, -1], [-1, -1, -1, -1, 1, -1, -1], [-1, -1, -1, 0, -1, -1, 5], [-1, -1, 1, -1, -1, -1, 7], [-1, -1, 1, -1, -1, -1, 5], [-1, -1, 0, -1, -1, 0, 10], [-1, 2, -1, -1, -1, -1, 6], [-1, 1, -1, -1, -1, -1, 5], [0, -1, -1, -1, -1, -1, 10], [0, -1, -1, -1, -1, -1, 6], [0, -1, -1, -1, -1, -1, 5], [0, 1, -1, 4, -1, -1, -1]]
