execution time
10 6.317018985748291
20 6.163828134536743
30 6.196879863739014
40 6.402220964431763
50 6.7775537967681885
60 6.815500974655151
70 7.629063844680786
80 6.707545757293701
90 7.060532808303833
100 6.624799966812134


number of calculations
10 118799.0
20 118799.0
30 118799.0
40 118799.0
50 118799.0
60 118799.0
70 118799.0
80 118799.0
90 118799.0
100 118799.0


number of patterns found
10 81 
 [[-1, -1, -1, -1, 1, -1, -1], [-1, -1, -1, -1, 2, -1, -1], [-1, -1, -1, -1, 3, -1, -1], [-1, -1, -1, -1, -1, -1, 8], [-1, -1, -1, -1, -1, -1, 9], [0, -1, -1, 6, -1, -1, -1], [0, -1, -1, -1, -1, -1, 5], [0, -1, -1, -1, -1, -1, 6], [0, -1, -1, -1, -1, -1, 10], [-1, 1, -1, 6, -1, -1, -1], [-1, 2, -1, 4, -1, -1, -1], [-1, 0, -1, -1, -1, 1, -1], [-1, 0, -1, -1, -1, -1, 5], [-1, 1, -1, -1, -1, -1, 5], [-1, 2, -1, -1, -1, -1, 6], [-1, 2, -1, -1, -1, -1, 7], [-1, 2, -1, -1, -1, -1, 10], [-1, -1, 0, 6, -1, -1, -1], [-1, -1, 1, 4, -1, -1, -1], [-1, -1, 1, -1, -1, -1, 5], [-1, -1, 1, -1, -1, -1, 7], [-1, -1, 2, -1, -1, -1, 5], [-1, -1, 2, -1, -1, -1, 6], [-1, -1, 3, -1, -1, -1, 4], [-1, -1, 3, -1, -1, -1, 5], [-1, -1, 3, -1, -1, -1, 10], [-1, -1, -1, 6, -1, 0, -1], [-1, -1, -1, 0, -1, -1, 5], [-1, -1, -1, 1, -1, -1, 6], [-1, -1, -1, 2, -1, -1, 6], [-1, -1, -1, 4, -1, -1, 3], [-1, -1, -1, 4, -1, -1, 4], [-1, -1, -1, 4, -1, -1, 5], [-1, -1, -1, 5, -1, -1, 4], [-1, -1, -1, 5, -1, -1, 5], [-1, -1, -1, 5, -1, -1, 7], [-1, -1, -1, -1, -1, 0, 6], [-1, -1, -1, -1, -1, 1, 5], [-1, -1, -1, -1, -1, 1, 10], [0, 0, 1, -1, -1, -1, -1], [0, 1, -1, 4, -1, -1, -1], [0, -1, 2, 4, -1, -1, -1], [0, -1, -1, 4, -1, 1, -1], [-1, 1, 1, 2, -1, -1, -1], [-1, 1, 2, -1, -1, -1, 10], [-1, 2, 2, -1, -1, -1, 3], [-1, 1, -1, 1, -1, -1, 4], [-1, 2, -1, -1, -1, 1, 3], [-1, -1, 2, 2, -1, 0, -1], [-1, -1, 1, 1, -1, -1, 4], [-1, -1, 2, 0, -1, -1, 10], [-1, -1, 3, 1, -1, -1, 2], [-1, -1, 0, -1, -1, 0, 10], [-1, -1, 3, -1, -1, 0, 3], [-1, -1, 3, -1, -1, 0, 7], [0, 1, 1, 5, -1, -1, -1], [0, 2, 0, -1, -1, -1, 2], [0, 2, 0, -1, -1, -1, 3], [0, 1, -1, 5, -1, -1, 1], [0, 2, -1, 0, -1, -1, 3], [1, 2, -1, -1, -1, 0, 3], [0, -1, 0, 2, -1, 1, -1], [0, -1, 1, 5, -1, -1, 2], [0, -1, 0, -1, -1, 1, 3], [0, -1, 1, -1, -1, 1, 4], [-1, 1, 1, 5, -1, 1, -1], [-1, 2, 0, 0, -1, -1, 3], [-1, 1, 1, -1, -1, 1, 4], [-1, -1, 0, 0, -1, 1, 3], [-1, -1, -1, 1, 0, 0, 4], [0, 1, 1, 1, -1, 1, -1], [0, 2, 0, 5, -1, 0, -1], [1, 1, 1, 1, -1, 0, -1], [0, 1, 0, 1, -1, -1, 2], [1, 2, 2, -1, 0, 0, -1], [0, 1, 3, -1, -1, 0, 2], [0, -1, 0, 1, 0, -1, 4], [0, -1, 0, 0, -1, 1, 7], [-1, 1, 0, 0, -1, 1, 6], [-1, 1, 0, 1, -1, 0, 2], [-1, 2, 0, 0, -1, 0, 2]]
20 60 
 [[-1, -1, -1, -1, 1, -1, -1], [-1, -1, -1, -1, 2, -1, -1], [-1, -1, -1, -1, 3, -1, -1], [-1, -1, -1, -1, -1, -1, 8], [-1, -1, -1, -1, -1, -1, 9], [0, -1, -1, 6, -1, -1, -1], [0, -1, -1, -1, -1, -1, 5], [0, -1, -1, -1, -1, -1, 6], [0, -1, -1, -1, -1, -1, 10], [-1, 1, -1, 6, -1, -1, -1], [-1, 2, -1, 4, -1, -1, -1], [-1, 0, -1, -1, -1, 1, -1], [-1, 0, -1, -1, -1, -1, 5], [-1, 1, -1, -1, -1, -1, 5], [-1, 2, -1, -1, -1, -1, 6], [-1, 2, -1, -1, -1, -1, 7], [-1, 2, -1, -1, -1, -1, 10], [-1, -1, 1, 4, -1, -1, -1], [-1, -1, 1, -1, -1, -1, 5], [-1, -1, 1, -1, -1, -1, 7], [-1, -1, 2, -1, -1, -1, 5], [-1, -1, 2, -1, -1, -1, 6], [-1, -1, 3, -1, -1, -1, 4], [-1, -1, 3, -1, -1, -1, 5], [-1, -1, -1, 6, -1, 0, -1], [-1, -1, -1, 0, -1, -1, 5], [-1, -1, -1, 1, -1, -1, 6], [-1, -1, -1, 4, -1, -1, 4], [-1, -1, -1, 4, -1, -1, 5], [-1, -1, -1, 5, -1, -1, 4], [-1, -1, -1, -1, -1, 0, 6], [-1, -1, -1, -1, -1, 1, 5], [-1, -1, -1, -1, -1, 1, 10], [0, 0, 1, -1, -1, -1, -1], [0, 1, -1, 4, -1, -1, -1], [0, -1, -1, 4, -1, 1, -1], [-1, 1, 1, 2, -1, -1, -1], [-1, 1, -1, 1, -1, -1, 4], [-1, 2, -1, -1, -1, 1, 3], [-1, -1, 2, 0, -1, -1, 10], [-1, -1, 3, 1, -1, -1, 2], [-1, -1, 0, -1, -1, 0, 10], [-1, -1, 3, -1, -1, 0, 3], [0, 1, 1, 5, -1, -1, -1], [0, 2, 0, -1, -1, -1, 2], [0, 2, 0, -1, -1, -1, 3], [0, 2, -1, 0, -1, -1, 3], [0, -1, 1, 5, -1, -1, 2], [0, -1, 0, -1, -1, 1, 3], [0, -1, 1, -1, -1, 1, 4], [-1, 2, 0, 0, -1, -1, 3], [-1, 1, 1, -1, -1, 1, 4], [-1, -1, 0, 0, -1, 1, 3], [-1, -1, -1, 1, 0, 0, 4], [0, 1, 1, 1, -1, 1, -1], [0, 1, 0, 1, -1, -1, 2], [0, 1, 3, -1, -1, 0, 2], [0, -1, 0, 0, -1, 1, 7], [-1, 1, 0, 0, -1, 1, 6], [-1, 2, 0, 0, -1, 0, 2]]
30 42 
 [[-1, -1, -1, -1, 1, -1, -1], [-1, -1, -1, -1, 2, -1, -1], [-1, -1, -1, -1, 3, -1, -1], [-1, -1, -1, -1, -1, -1, 8], [-1, -1, -1, -1, -1, -1, 9], [0, -1, -1, -1, -1, -1, 5], [0, -1, -1, -1, -1, -1, 6], [0, -1, -1, -1, -1, -1, 10], [-1, 2, -1, 4, -1, -1, -1], [-1, 0, -1, -1, -1, 1, -1], [-1, 1, -1, -1, -1, -1, 5], [-1, 2, -1, -1, -1, -1, 6], [-1, 2, -1, -1, -1, -1, 7], [-1, -1, 1, 4, -1, -1, -1], [-1, -1, 1, -1, -1, -1, 5], [-1, -1, 1, -1, -1, -1, 7], [-1, -1, 2, -1, -1, -1, 5], [-1, -1, 2, -1, -1, -1, 6], [-1, -1, 3, -1, -1, -1, 4], [-1, -1, -1, 0, -1, -1, 5], [-1, -1, -1, 1, -1, -1, 6], [-1, -1, -1, -1, -1, 0, 6], [-1, -1, -1, -1, -1, 1, 5], [-1, -1, -1, -1, -1, 1, 10], [0, 0, 1, -1, -1, -1, -1], [0, 1, -1, 4, -1, -1, -1], [0, -1, -1, 4, -1, 1, -1], [-1, 1, -1, 1, -1, -1, 4], [-1, 2, -1, -1, -1, 1, 3], [-1, -1, 0, -1, -1, 0, 10], [0, 1, 1, 5, -1, -1, -1], [0, 2, 0, -1, -1, -1, 2], [0, 2, 0, -1, -1, -1, 3], [0, 2, -1, 0, -1, -1, 3], [0, -1, 0, -1, -1, 1, 3], [0, -1, 1, -1, -1, 1, 4], [-1, 2, 0, 0, -1, -1, 3], [-1, 1, 1, -1, -1, 1, 4], [-1, -1, 0, 0, -1, 1, 3], [0, -1, 0, 0, -1, 1, 7], [-1, 1, 0, 0, -1, 1, 6], [-1, 2, 0, 0, -1, 0, 2]]
40 34 
 [[-1, -1, -1, -1, 1, -1, -1], [-1, -1, -1, -1, 2, -1, -1], [-1, -1, -1, -1, 3, -1, -1], [-1, -1, -1, -1, -1, -1, 8], [-1, -1, -1, -1, -1, -1, 9], [0, -1, -1, -1, -1, -1, 5], [0, -1, -1, -1, -1, -1, 6], [0, -1, -1, -1, -1, -1, 10], [-1, 0, -1, -1, -1, 1, -1], [-1, 1, -1, -1, -1, -1, 5], [-1, 2, -1, -1, -1, -1, 6], [-1, 2, -1, -1, -1, -1, 7], [-1, -1, 1, 4, -1, -1, -1], [-1, -1, 1, -1, -1, -1, 5], [-1, -1, 1, -1, -1, -1, 7], [-1, -1, 2, -1, -1, -1, 5], [-1, -1, 3, -1, -1, -1, 4], [-1, -1, -1, 0, -1, -1, 5], [-1, -1, -1, -1, -1, 0, 6], [-1, -1, -1, -1, -1, 1, 5], [-1, -1, -1, -1, -1, 1, 10], [0, 1, -1, 4, -1, -1, -1], [0, -1, -1, 4, -1, 1, -1], [-1, 2, -1, -1, -1, 1, 3], [-1, -1, 0, -1, -1, 0, 10], [0, 2, 0, -1, -1, -1, 2], [0, 2, 0, -1, -1, -1, 3], [0, 2, -1, 0, -1, -1, 3], [0, -1, 0, -1, -1, 1, 3], [0, -1, 1, -1, -1, 1, 4], [-1, 1, 1, -1, -1, 1, 4], [-1, -1, 0, 0, -1, 1, 3], [0, -1, 0, 0, -1, 1, 7], [-1, 1, 0, 0, -1, 1, 6]]
50 28 
 [[-1, -1, -1, -1, 1, -1, -1], [-1, -1, -1, -1, 2, -1, -1], [-1, -1, -1, -1, -1, -1, 8], [-1, -1, -1, -1, -1, -1, 9], [0, -1, -1, -1, -1, -1, 5], [0, -1, -1, -1, -1, -1, 6], [0, -1, -1, -1, -1, -1, 10], [-1, 1, -1, -1, -1, -1, 5], [-1, 2, -1, -1, -1, -1, 6], [-1, 2, -1, -1, -1, -1, 7], [-1, -1, 1, 4, -1, -1, -1], [-1, -1, 1, -1, -1, -1, 5], [-1, -1, 1, -1, -1, -1, 7], [-1, -1, 2, -1, -1, -1, 5], [-1, -1, -1, 0, -1, -1, 5], [-1, -1, -1, -1, -1, 0, 6], [-1, -1, -1, -1, -1, 1, 5], [-1, -1, -1, -1, -1, 1, 10], [0, 1, -1, 4, -1, -1, -1], [0, -1, -1, 4, -1, 1, -1], [-1, -1, 0, -1, -1, 0, 10], [0, 2, -1, 0, -1, -1, 3], [0, -1, 0, -1, -1, 1, 3], [0, -1, 1, -1, -1, 1, 4], [-1, 1, 1, -1, -1, 1, 4], [-1, -1, 0, 0, -1, 1, 3], [0, -1, 0, 0, -1, 1, 7], [-1, 1, 0, 0, -1, 1, 6]]
60 27 
 [[-1, -1, -1, -1, 1, -1, -1], [-1, -1, -1, -1, 2, -1, -1], [-1, -1, -1, -1, -1, -1, 8], [-1, -1, -1, -1, -1, -1, 9], [0, -1, -1, -1, -1, -1, 5], [0, -1, -1, -1, -1, -1, 6], [0, -1, -1, -1, -1, -1, 10], [-1, 1, -1, -1, -1, -1, 5], [-1, 2, -1, -1, -1, -1, 6], [-1, 2, -1, -1, -1, -1, 7], [-1, -1, 1, 4, -1, -1, -1], [-1, -1, 1, -1, -1, -1, 5], [-1, -1, 1, -1, -1, -1, 7], [-1, -1, -1, 0, -1, -1, 5], [-1, -1, -1, -1, -1, 0, 6], [-1, -1, -1, -1, -1, 1, 5], [-1, -1, -1, -1, -1, 1, 10], [0, 1, -1, 4, -1, -1, -1], [0, -1, -1, 4, -1, 1, -1], [-1, -1, 0, -1, -1, 0, 10], [0, 2, -1, 0, -1, -1, 3], [0, -1, 0, -1, -1, 1, 3], [0, -1, 1, -1, -1, 1, 4], [-1, 1, 1, -1, -1, 1, 4], [-1, -1, 0, 0, -1, 1, 3], [0, -1, 0, 0, -1, 1, 7], [-1, 1, 0, 0, -1, 1, 6]]
70 25 
 [[-1, -1, -1, -1, 1, -1, -1], [-1, -1, -1, -1, 2, -1, -1], [-1, -1, -1, -1, -1, -1, 8], [-1, -1, -1, -1, -1, -1, 9], [0, -1, -1, -1, -1, -1, 5], [0, -1, -1, -1, -1, -1, 6], [0, -1, -1, -1, -1, -1, 10], [-1, 1, -1, -1, -1, -1, 5], [-1, 2, -1, -1, -1, -1, 6], [-1, 2, -1, -1, -1, -1, 7], [-1, -1, 1, 4, -1, -1, -1], [-1, -1, 1, -1, -1, -1, 5], [-1, -1, 1, -1, -1, -1, 7], [-1, -1, -1, 0, -1, -1, 5], [-1, -1, -1, -1, -1, 0, 6], [-1, -1, -1, -1, -1, 1, 5], [-1, -1, -1, -1, -1, 1, 10], [0, 1, -1, 4, -1, -1, -1], [-1, -1, 0, -1, -1, 0, 10], [0, -1, 0, -1, -1, 1, 3], [0, -1, 1, -1, -1, 1, 4], [-1, 1, 1, -1, -1, 1, 4], [-1, -1, 0, 0, -1, 1, 3], [0, -1, 0, 0, -1, 1, 7], [-1, 1, 0, 0, -1, 1, 6]]
80 19 
 [[-1, -1, -1, -1, 1, -1, -1], [-1, -1, -1, -1, 2, -1, -1], [-1, -1, -1, -1, -1, -1, 8], [-1, -1, -1, -1, -1, -1, 9], [0, -1, -1, -1, -1, -1, 5], [0, -1, -1, -1, -1, -1, 6], [0, -1, -1, -1, -1, -1, 10], [-1, 1, -1, -1, -1, -1, 5], [-1, 2, -1, -1, -1, -1, 6], [-1, 2, -1, -1, -1, -1, 7], [-1, -1, 1, -1, -1, -1, 5], [-1, -1, 1, -1, -1, -1, 7], [-1, -1, -1, 0, -1, -1, 5], [-1, -1, -1, -1, -1, 0, 6], [-1, -1, -1, -1, -1, 1, 5], [-1, -1, -1, -1, -1, 1, 10], [0, 1, -1, 4, -1, -1, -1], [-1, -1, 0, -1, -1, 0, 10], [0, -1, 1, -1, -1, 1, 4]]
90 16 
 [[-1, -1, -1, -1, 1, -1, -1], [-1, -1, -1, -1, 2, -1, -1], [-1, -1, -1, -1, -1, -1, 8], [-1, -1, -1, -1, -1, -1, 9], [0, -1, -1, -1, -1, -1, 5], [0, -1, -1, -1, -1, -1, 6], [0, -1, -1, -1, -1, -1, 10], [-1, 1, -1, -1, -1, -1, 5], [-1, 2, -1, -1, -1, -1, 6], [-1, -1, 1, -1, -1, -1, 5], [-1, -1, 1, -1, -1, -1, 7], [-1, -1, -1, 0, -1, -1, 5], [-1, -1, -1, -1, -1, 0, 6], [-1, -1, -1, -1, -1, 1, 5], [0, 1, -1, 4, -1, -1, -1], [-1, -1, 0, -1, -1, 0, 10]]
100 16 
 [[-1, -1, -1, -1, 1, -1, -1], [-1, -1, -1, -1, 2, -1, -1], [-1, -1, -1, -1, -1, -1, 8], [-1, -1, -1, -1, -1, -1, 9], [0, -1, -1, -1, -1, -1, 5], [0, -1, -1, -1, -1, -1, 6], [0, -1, -1, -1, -1, -1, 10], [-1, 1, -1, -1, -1, -1, 5], [-1, 2, -1, -1, -1, -1, 6], [-1, -1, 1, -1, -1, -1, 5], [-1, -1, 1, -1, -1, -1, 7], [-1, -1, -1, 0, -1, -1, 5], [-1, -1, -1, -1, -1, 0, 6], [-1, -1, -1, -1, -1, 1, 5], [0, 1, -1, 4, -1, -1, -1], [-1, -1, 0, -1, -1, 0, 10]]
