overall FPR: 0.1434627776835679
execution time
3 0.1961500644683838 0.18954706192016602
4 0.29892897605895996 0.37062811851501465
5 0.4335169792175293 0.8979260921478271
6 1.3674638271331787 9.775565147399902
7 4.754889011383057 87.20477604866028
8 21.360313892364502
9 81.98618292808533
10 114.9544939994812
11 171.40807676315308
12 280.6703381538391


number of patterns checked
3 410.0 543.0
4 1180.0 3263.0
5 1938.0 9791.0
6 8028.0 78335.0
7 20514.0 548351.0
8 94674.0
9 240736.0
10 286812.0
11 375334.0
12 549492.0


number of patterns found
3 9 
 [[-1, 15, 2], [-1, 14, -1], [-1, 12, 2], [-1, 10, -1], [-1, 9, 2], [-1, 8, 2], [-1, 7, 2], [2, 12, -1], [2, 9, -1]]
4 12 
 [[-1, -1, 2, 1], [-1, 15, 2, -1], [-1, 14, -1, -1], [-1, 12, -1, 1], [-1, 12, 2, -1], [-1, 10, -1, -1], [-1, 9, 2, -1], [-1, 8, 2, -1], [-1, 7, 2, -1], [2, 12, -1, -1], [2, 9, -1, -1], [1, -1, 2, 4]]
5 18 
 [[-1, -1, 2, 1, -1], [-1, 15, 2, -1, -1], [-1, 14, -1, -1, -1], [-1, 12, -1, -1, 1], [-1, 12, -1, 1, -1], [-1, 12, 2, -1, -1], [-1, 10, -1, -1, -1], [-1, 9, 2, -1, -1], [-1, 8, 2, -1, -1], [-1, 7, 2, -1, -1], [2, -1, -1, 1, 1], [2, 15, -1, -1, 1], [2, 12, -1, -1, -1], [2, 9, -1, -1, -1], [2, 8, -1, -1, 1], [2, 7, -1, -1, 1], [1, -1, 2, 4, -1], [1, 9, -1, -1, 1]]
6 35 
 [[-1, -1, -1, -1, -1, 3], [-1, -1, -1, -1, 1, 0], [-1, -1, 2, -1, -1, 5], [-1, -1, 2, -1, -1, 1], [-1, -1, 2, -1, -1, 0], [-1, -1, 2, 1, -1, -1], [-1, 15, 2, -1, -1, -1], [-1, 14, -1, -1, -1, -1], [-1, 12, -1, -1, -1, 4], [-1, 12, -1, -1, 1, -1], [-1, 12, -1, 1, -1, -1], [-1, 12, 2, -1, -1, -1], [-1, 10, -1, -1, -1, -1], [-1, 9, -1, -1, -1, 0], [-1, 9, -1, -1, 1, 5], [-1, 9, -1, 4, 1, 4], [-1, 9, 2, -1, -1, -1], [-1, 8, 2, -1, -1, -1], [-1, 7, 2, -1, -1, -1], [2, -1, -1, -1, 1, 5], [2, -1, -1, 4, -1, 0], [2, -1, -1, 1, 1, -1], [2, -1, 2, 4, 1, 2], [2, 15, -1, -1, -1, 0], [2, 15, -1, -1, 1, -1], [2, 12, -1, -1, -1, -1], [2, 9, -1, -1, -1, -1], [2, 8, -1, -1, 1, -1], [2, 7, -1, -1, 1, -1], [2, 7, -1, 4, -1, 2], [1, -1, -1, 4, -1, 0], [1, -1, 2, 4, -1, -1], [1, 15, -1, -1, 1, 1], [1, 12, -1, -1, -1, 2], [1, 9, -1, -1, 1, -1]]
7 51 
 [[-1, -1, -1, -1, -1, 5, 0], [-1, -1, -1, -1, -1, 3, -1], [-1, -1, -1, -1, -1, 1, 5], [-1, -1, -1, -1, -1, 1, 0], [-1, -1, -1, -1, -1, 0, 0], [-1, -1, -1, -1, 1, 0, -1], [-1, -1, -1, 4, -1, -1, 5], [-1, -1, -1, 1, -1, -1, 0], [-1, -1, 2, -1, -1, 5, -1], [-1, -1, 2, -1, -1, 1, -1], [-1, -1, 2, -1, -1, 0, -1], [-1, -1, 2, 1, -1, -1, -1], [-1, 15, -1, -1, -1, -1, 5], [-1, 15, -1, -1, -1, -1, 0], [-1, 15, 2, -1, -1, -1, -1], [-1, 14, -1, -1, -1, -1, -1], [-1, 12, -1, -1, -1, -1, 5], [-1, 12, -1, -1, -1, -1, 0], [-1, 12, -1, -1, -1, 4, -1], [-1, 12, -1, -1, 1, -1, -1], [-1, 12, -1, 1, -1, -1, -1], [-1, 12, 2, -1, -1, -1, -1], [-1, 10, -1, -1, -1, -1, -1], [-1, 9, -1, -1, -1, -1, 5], [-1, 9, -1, -1, -1, -1, 0], [-1, 9, -1, -1, -1, 0, -1], [-1, 9, -1, -1, 1, 5, -1], [-1, 9, -1, 4, 1, 4, -1], [-1, 9, 2, -1, -1, -1, -1], [-1, 8, -1, -1, -1, -1, 0], [-1, 8, 2, -1, -1, -1, -1], [-1, 7, -1, -1, -1, -1, 0], [-1, 7, 2, -1, -1, -1, -1], [2, -1, -1, -1, 1, 5, -1], [2, -1, -1, 4, -1, 2, 0], [2, -1, -1, 4, -1, 0, -1], [2, -1, -1, 1, 1, -1, -1], [2, -1, 2, 4, 1, 2, -1], [2, 15, -1, -1, -1, 0, -1], [2, 15, -1, -1, 1, -1, -1], [2, 12, -1, -1, -1, -1, -1], [2, 9, -1, -1, -1, -1, -1], [2, 8, -1, -1, 1, -1, -1], [2, 7, -1, -1, 1, -1, -1], [2, 7, -1, 4, -1, 2, -1], [1, -1, -1, -1, -1, -1, 5], [1, -1, -1, 4, -1, 0, -1], [1, -1, 2, 4, -1, -1, -1], [1, 15, -1, -1, 1, 1, -1], [1, 12, -1, -1, -1, 2, -1], [1, 9, -1, -1, 1, -1, -1]]
8 82 
 [[-1, -1, -1, -1, -1, -1, -1, 16], [-1, -1, -1, -1, -1, -1, -1, 15], [-1, -1, -1, -1, -1, -1, 5, 14], [-1, -1, -1, -1, -1, -1, 5, 13], [-1, -1, -1, -1, -1, -1, 5, 10], [-1, -1, -1, -1, -1, -1, 0, 14], [-1, -1, -1, -1, -1, -1, 0, 13], [-1, -1, -1, -1, -1, -1, 0, 12], [-1, -1, -1, -1, -1, -1, 0, 11], [-1, -1, -1, -1, -1, -1, 0, 10], [-1, -1, -1, -1, -1, 5, 0, -1], [-1, -1, -1, -1, -1, 4, -1, 14], [-1, -1, -1, -1, -1, 3, -1, -1], [-1, -1, -1, -1, -1, 1, 5, -1], [-1, -1, -1, -1, -1, 1, 0, -1], [-1, -1, -1, -1, -1, 0, -1, 13], [-1, -1, -1, -1, -1, 0, 0, -1], [-1, -1, -1, -1, 1, -1, -1, 14], [-1, -1, -1, -1, 1, 5, -1, 13], [-1, -1, -1, -1, 1, 0, -1, -1], [-1, -1, -1, 4, -1, -1, 5, -1], [-1, -1, -1, 4, 1, 4, -1, 13], [-1, -1, -1, 1, -1, -1, -1, 14], [-1, -1, -1, 1, -1, -1, 0, -1], [-1, -1, 2, -1, -1, -1, -1, 14], [-1, -1, 2, -1, -1, -1, -1, 13], [-1, -1, 2, -1, -1, -1, -1, 12], [-1, -1, 2, -1, -1, -1, -1, 11], [-1, -1, 2, -1, -1, -1, -1, 10], [-1, -1, 2, -1, -1, 5, -1, -1], [-1, -1, 2, -1, -1, 1, -1, -1], [-1, -1, 2, -1, -1, 0, -1, -1], [-1, -1, 2, 1, -1, -1, -1, -1], [-1, 15, -1, -1, -1, -1, 5, -1], [-1, 15, -1, -1, -1, -1, 0, -1], [-1, 15, 2, -1, -1, -1, -1, -1], [-1, 14, -1, -1, -1, -1, -1, -1], [-1, 12, -1, -1, -1, -1, 5, -1], [-1, 12, -1, -1, -1, -1, 0, -1], [-1, 12, -1, -1, -1, 4, -1, -1], [-1, 12, -1, -1, 1, -1, -1, -1], [-1, 12, -1, 1, -1, -1, -1, -1], [-1, 12, 2, -1, -1, -1, -1, -1], [-1, 10, -1, -1, -1, -1, -1, -1], [-1, 9, -1, -1, -1, -1, 5, -1], [-1, 9, -1, -1, -1, -1, 0, -1], [-1, 9, -1, -1, -1, 0, -1, -1], [-1, 9, -1, -1, 1, 5, -1, -1], [-1, 9, -1, 4, 1, 4, -1, -1], [-1, 9, 2, -1, -1, -1, -1, -1], [-1, 8, -1, -1, -1, -1, 0, -1], [-1, 8, 2, -1, -1, -1, -1, -1], [-1, 7, -1, -1, -1, -1, 0, -1], [-1, 7, 2, -1, -1, -1, -1, -1], [2, -1, -1, -1, -1, -1, -1, 14], [2, -1, -1, -1, -1, -1, -1, 13], [2, -1, -1, -1, -1, 0, -1, 10], [2, -1, -1, -1, 1, -1, -1, 12], [2, -1, -1, -1, 1, -1, -1, 11], [2, -1, -1, -1, 1, -1, -1, 10], [2, -1, -1, -1, 1, 5, -1, -1], [2, -1, -1, 4, -1, 2, -1, 12], [2, -1, -1, 4, -1, 2, 0, -1], [2, -1, -1, 4, -1, 0, -1, -1], [2, -1, -1, 1, 1, -1, -1, -1], [2, -1, 2, 4, 1, 2, -1, -1], [2, 15, -1, -1, -1, 0, -1, -1], [2, 15, -1, -1, 1, -1, -1, -1], [2, 12, -1, -1, -1, -1, -1, -1], [2, 9, -1, -1, -1, -1, -1, -1], [2, 8, -1, -1, 1, -1, -1, -1], [2, 7, -1, -1, 1, -1, -1, -1], [2, 7, -1, 4, -1, 2, -1, -1], [1, -1, -1, -1, -1, -1, 5, -1], [1, -1, -1, -1, -1, 2, -1, 14], [1, -1, -1, -1, 1, -1, -1, 13], [1, -1, -1, -1, 1, 1, -1, 10], [1, -1, -1, 4, -1, 0, -1, -1], [1, -1, 2, 4, -1, -1, -1, -1], [1, 15, -1, -1, 1, 1, -1, -1], [1, 12, -1, -1, -1, 2, -1, -1], [1, 9, -1, -1, 1, -1, -1, -1]]
9 170 
 [[-1, -1, -1, -1, -1, -1, -1, 16, -1], [-1, -1, -1, -1, -1, -1, -1, 15, -1], [-1, -1, -1, -1, -1, -1, -1, 14, 11], [-1, -1, -1, -1, -1, -1, -1, 14, 3], [-1, -1, -1, -1, -1, -1, -1, 13, 10], [-1, -1, -1, -1, -1, -1, 5, -1, 9], [-1, -1, -1, -1, -1, -1, 5, -1, 3], [-1, -1, -1, -1, -1, -1, 5, -1, 0], [-1, -1, -1, -1, -1, -1, 5, 14, -1], [-1, -1, -1, -1, -1, -1, 5, 13, -1], [-1, -1, -1, -1, -1, -1, 5, 10, -1], [-1, -1, -1, -1, -1, -1, 0, -1, 12], [-1, -1, -1, -1, -1, -1, 0, -1, 11], [-1, -1, -1, -1, -1, -1, 0, -1, 10], [-1, -1, -1, -1, -1, -1, 0, -1, 9], [-1, -1, -1, -1, -1, -1, 0, -1, 3], [-1, -1, -1, -1, -1, -1, 0, -1, 0], [-1, -1, -1, -1, -1, -1, 0, 14, -1], [-1, -1, -1, -1, -1, -1, 0, 13, -1], [-1, -1, -1, -1, -1, -1, 0, 12, -1], [-1, -1, -1, -1, -1, -1, 0, 11, -1], [-1, -1, -1, -1, -1, -1, 0, 10, -1], [-1, -1, -1, -1, -1, 5, 0, -1, -1], [-1, -1, -1, -1, -1, 4, -1, -1, 9], [-1, -1, -1, -1, -1, 4, -1, 14, -1], [-1, -1, -1, -1, -1, 4, -1, 13, 11], [-1, -1, -1, -1, -1, 3, -1, -1, -1], [-1, -1, -1, -1, -1, 1, -1, -1, 10], [-1, -1, -1, -1, -1, 1, -1, -1, 3], [-1, -1, -1, -1, -1, 1, 5, -1, -1], [-1, -1, -1, -1, -1, 1, 0, -1, -1], [-1, -1, -1, -1, -1, 0, -1, -1, 9], [-1, -1, -1, -1, -1, 0, -1, -1, 3], [-1, -1, -1, -1, -1, 0, -1, -1, 2], [-1, -1, -1, -1, -1, 0, -1, 13, -1], [-1, -1, -1, -1, -1, 0, 0, -1, -1], [-1, -1, -1, -1, 1, -1, -1, 14, -1], [-1, -1, -1, -1, 1, -1, -1, 13, 3], [-1, -1, -1, -1, 1, -1, -1, 13, 2], [-1, -1, -1, -1, 1, -1, -1, 11, 3], [-1, -1, -1, -1, 1, -1, -1, 9, 12], [-1, -1, -1, -1, 1, 5, -1, -1, 3], [-1, -1, -1, -1, 1, 5, -1, 13, -1], [-1, -1, -1, -1, 1, 0, -1, -1, -1], [-1, -1, -1, 4, -1, -1, 5, -1, -1], [-1, -1, -1, 4, -1, 2, -1, 12, 3], [-1, -1, -1, 4, 1, -1, -1, 11, 11], [-1, -1, -1, 4, 1, 4, -1, 13, -1], [-1, -1, -1, 2, -1, -1, 0, -1, 2], [-1, -1, -1, 1, -1, -1, -1, -1, 9], [-1, -1, -1, 1, -1, -1, -1, -1, 3], [-1, -1, -1, 1, -1, -1, -1, 14, -1], [-1, -1, -1, 1, -1, -1, 0, -1, -1], [-1, -1, 2, -1, -1, -1, -1, -1, 12], [-1, -1, 2, -1, -1, -1, -1, -1, 11], [-1, -1, 2, -1, -1, -1, -1, -1, 10], [-1, -1, 2, -1, -1, -1, -1, -1, 9], [-1, -1, 2, -1, -1, -1, -1, -1, 3], [-1, -1, 2, -1, -1, -1, -1, -1, 0], [-1, -1, 2, -1, -1, -1, -1, 14, -1], [-1, -1, 2, -1, -1, -1, -1, 13, -1], [-1, -1, 2, -1, -1, -1, -1, 12, -1], [-1, -1, 2, -1, -1, -1, -1, 11, -1], [-1, -1, 2, -1, -1, -1, -1, 10, -1], [-1, -1, 2, -1, -1, 5, -1, -1, -1], [-1, -1, 2, -1, -1, 1, -1, -1, -1], [-1, -1, 2, -1, -1, 0, -1, -1, -1], [-1, -1, 2, 2, -1, -1, -1, -1, 2], [-1, -1, 2, 1, -1, -1, -1, -1, -1], [-1, -1, 0, -1, -1, -1, 1, 13, 3], [-1, 15, -1, -1, -1, -1, 5, -1, -1], [-1, 15, -1, -1, -1, -1, 0, -1, -1], [-1, 15, 2, -1, -1, -1, -1, -1, -1], [-1, 14, -1, -1, -1, -1, -1, -1, -1], [-1, 12, -1, -1, -1, -1, -1, -1, 11], [-1, 12, -1, -1, -1, -1, -1, -1, 3], [-1, 12, -1, -1, -1, -1, 5, -1, -1], [-1, 12, -1, -1, -1, -1, 0, -1, -1], [-1, 12, -1, -1, -1, 4, -1, -1, -1], [-1, 12, -1, -1, 1, -1, -1, -1, -1], [-1, 12, -1, 1, -1, -1, -1, -1, -1], [-1, 12, 2, -1, -1, -1, -1, -1, -1], [-1, 11, -1, -1, 1, -1, -1, -1, 12], [-1, 10, -1, -1, -1, -1, -1, -1, -1], [-1, 9, -1, -1, -1, -1, -1, -1, 10], [-1, 9, -1, -1, -1, -1, 5, -1, -1], [-1, 9, -1, -1, -1, -1, 0, -1, -1], [-1, 9, -1, -1, -1, 4, -1, -1, 11], [-1, 9, -1, -1, -1, 0, -1, -1, -1], [-1, 9, -1, -1, 1, -1, -1, -1, 3], [-1, 9, -1, -1, 1, -1, -1, -1, 2], [-1, 9, -1, -1, 1, 5, -1, -1, -1], [-1, 9, -1, 4, 1, 4, -1, -1, -1], [-1, 9, 2, -1, -1, -1, -1, -1, -1], [-1, 9, 0, -1, -1, -1, 1, -1, 3], [-1, 8, -1, -1, -1, -1, 0, -1, -1], [-1, 8, -1, -1, 1, -1, -1, -1, 3], [-1, 8, -1, 4, 1, -1, -1, -1, 11], [-1, 8, 2, -1, -1, -1, -1, -1, -1], [-1, 7, -1, -1, -1, -1, 0, -1, -1], [-1, 7, -1, 4, -1, 2, -1, -1, 3], [-1, 7, 2, -1, -1, -1, -1, -1, -1], [2, -1, -1, -1, -1, -1, -1, -1, 12], [2, -1, -1, -1, -1, -1, -1, -1, 9], [2, -1, -1, -1, -1, -1, -1, -1, 3], [2, -1, -1, -1, -1, -1, -1, 14, -1], [2, -1, -1, -1, -1, -1, -1, 13, -1], [2, -1, -1, -1, -1, -1, -1, 9, 13], [2, -1, -1, -1, -1, -1, 0, -1, 13], [2, -1, -1, -1, -1, -1, 0, 9, 2], [2, -1, -1, -1, -1, 2, -1, 10, 2], [2, -1, -1, -1, -1, 2, 0, 9, 6], [2, -1, -1, -1, -1, 0, -1, 10, -1], [2, -1, -1, -1, 1, -1, -1, 12, -1], [2, -1, -1, -1, 1, -1, -1, 11, -1], [2, -1, -1, -1, 1, -1, -1, 10, -1], [2, -1, -1, -1, 1, 5, -1, -1, -1], [2, -1, -1, -1, 1, 2, -1, -1, 11], [2, -1, -1, 4, -1, 2, -1, 12, -1], [2, -1, -1, 4, -1, 2, 0, -1, -1], [2, -1, -1, 4, -1, 0, -1, -1, -1], [2, -1, -1, 4, 1, 2, -1, 9, 2], [2, -1, -1, 1, 1, -1, -1, -1, -1], [2, -1, 2, -1, -1, -1, -1, -1, 13], [2, -1, 2, -1, -1, -1, -1, 9, 2], [2, -1, 2, -1, -1, 2, -1, 9, 6], [2, -1, 2, 4, 1, 2, -1, -1, -1], [2, 15, -1, -1, -1, 2, -1, -1, 2], [2, 15, -1, -1, -1, 0, -1, -1, -1], [2, 15, -1, -1, 1, -1, -1, -1, -1], [2, 12, -1, -1, -1, -1, -1, -1, -1], [2, 11, -1, -1, -1, -1, -1, -1, 13], [2, 11, -1, -1, -1, -1, 0, -1, 2], [2, 11, -1, -1, -1, 2, 0, -1, 6], [2, 11, -1, 4, 1, 2, -1, -1, 2], [2, 11, 2, -1, -1, -1, -1, -1, 2], [2, 11, 2, -1, -1, 2, -1, -1, 6], [2, 9, -1, -1, -1, -1, -1, -1, -1], [2, 8, -1, -1, 1, -1, -1, -1, -1], [2, 7, -1, -1, 1, -1, -1, -1, -1], [2, 7, -1, 4, -1, 2, -1, -1, -1], [1, -1, -1, -1, -1, -1, -1, 9, 10], [1, -1, -1, -1, -1, -1, 5, -1, -1], [1, -1, -1, -1, -1, 2, -1, 14, -1], [1, -1, -1, -1, -1, 2, -1, 11, 2], [1, -1, -1, -1, -1, 2, -1, 10, 9], [1, -1, -1, -1, 1, -1, -1, -1, 12], [1, -1, -1, -1, 1, -1, -1, -1, 11], [1, -1, -1, -1, 1, -1, -1, -1, 10], [1, -1, -1, -1, 1, -1, -1, -1, 9], [1, -1, -1, -1, 1, -1, -1, -1, 3], [1, -1, -1, -1, 1, -1, -1, 13, -1], [1, -1, -1, -1, 1, -1, -1, 11, 2], [1, -1, -1, -1, 1, 2, -1, 10, 2], [1, -1, -1, -1, 1, 1, -1, 10, -1], [1, -1, -1, 4, -1, -1, -1, -1, 10], [1, -1, -1, 4, -1, -1, -1, 13, 2], [1, -1, -1, 4, -1, -1, -1, 13, 0], [1, -1, -1, 4, -1, 0, -1, -1, -1], [1, -1, 2, 4, -1, -1, -1, -1, -1], [1, 15, -1, -1, -1, 2, -1, -1, 9], [1, 15, -1, -1, 1, 2, -1, -1, 2], [1, 15, -1, -1, 1, 1, -1, -1, -1], [1, 12, -1, -1, -1, 2, -1, -1, -1], [1, 11, -1, -1, -1, -1, -1, -1, 10], [1, 9, -1, -1, 1, -1, -1, -1, -1], [1, 9, -1, 4, -1, -1, -1, -1, 2], [1, 9, -1, 4, -1, -1, -1, -1, 0], [1, 8, -1, -1, -1, 2, -1, -1, 2], [1, 8, -1, -1, 1, -1, -1, -1, 2]]
10 177 
 [[-1, -1, -1, -1, -1, -1, -1, -1, -1, 1], [-1, -1, -1, -1, -1, -1, -1, 16, -1, -1], [-1, -1, -1, -1, -1, -1, -1, 15, -1, -1], [-1, -1, -1, -1, -1, -1, -1, 14, 11, -1], [-1, -1, -1, -1, -1, -1, -1, 14, 3, -1], [-1, -1, -1, -1, -1, -1, -1, 13, 10, -1], [-1, -1, -1, -1, -1, -1, 5, -1, 9, -1], [-1, -1, -1, -1, -1, -1, 5, -1, 3, -1], [-1, -1, -1, -1, -1, -1, 5, -1, 0, -1], [-1, -1, -1, -1, -1, -1, 5, 14, -1, -1], [-1, -1, -1, -1, -1, -1, 5, 13, -1, -1], [-1, -1, -1, -1, -1, -1, 5, 10, -1, -1], [-1, -1, -1, -1, -1, -1, 0, -1, 12, -1], [-1, -1, -1, -1, -1, -1, 0, -1, 11, -1], [-1, -1, -1, -1, -1, -1, 0, -1, 10, -1], [-1, -1, -1, -1, -1, -1, 0, -1, 9, -1], [-1, -1, -1, -1, -1, -1, 0, -1, 3, -1], [-1, -1, -1, -1, -1, -1, 0, -1, 0, -1], [-1, -1, -1, -1, -1, -1, 0, 14, -1, -1], [-1, -1, -1, -1, -1, -1, 0, 13, -1, -1], [-1, -1, -1, -1, -1, -1, 0, 12, -1, -1], [-1, -1, -1, -1, -1, -1, 0, 11, -1, -1], [-1, -1, -1, -1, -1, -1, 0, 10, -1, -1], [-1, -1, -1, -1, -1, 5, 0, -1, -1, -1], [-1, -1, -1, -1, -1, 4, -1, -1, 9, -1], [-1, -1, -1, -1, -1, 4, -1, 14, -1, -1], [-1, -1, -1, -1, -1, 4, -1, 13, 11, -1], [-1, -1, -1, -1, -1, 3, -1, -1, -1, -1], [-1, -1, -1, -1, -1, 1, -1, -1, 10, -1], [-1, -1, -1, -1, -1, 1, -1, -1, 3, -1], [-1, -1, -1, -1, -1, 1, 5, -1, -1, -1], [-1, -1, -1, -1, -1, 1, 0, -1, -1, -1], [-1, -1, -1, -1, -1, 0, -1, -1, 9, -1], [-1, -1, -1, -1, -1, 0, -1, -1, 3, -1], [-1, -1, -1, -1, -1, 0, -1, -1, 2, -1], [-1, -1, -1, -1, -1, 0, -1, 13, -1, -1], [-1, -1, -1, -1, -1, 0, 0, -1, -1, -1], [-1, -1, -1, -1, 1, -1, -1, 14, -1, -1], [-1, -1, -1, -1, 1, -1, -1, 13, 3, -1], [-1, -1, -1, -1, 1, -1, -1, 13, 2, -1], [-1, -1, -1, -1, 1, -1, -1, 11, 3, -1], [-1, -1, -1, -1, 1, -1, -1, 9, 12, -1], [-1, -1, -1, -1, 1, 5, -1, -1, 3, -1], [-1, -1, -1, -1, 1, 5, -1, 13, -1, -1], [-1, -1, -1, -1, 1, 1, -1, 13, -1, 0], [-1, -1, -1, -1, 1, 0, -1, -1, -1, -1], [-1, -1, -1, 4, -1, -1, 5, -1, -1, -1], [-1, -1, -1, 4, -1, 2, -1, 12, 3, -1], [-1, -1, -1, 4, 1, -1, -1, 11, 11, -1], [-1, -1, -1, 4, 1, 4, -1, 13, -1, -1], [-1, -1, -1, 2, -1, -1, 0, -1, 2, -1], [-1, -1, -1, 1, -1, -1, -1, -1, 9, -1], [-1, -1, -1, 1, -1, -1, -1, -1, 3, -1], [-1, -1, -1, 1, -1, -1, -1, 14, -1, -1], [-1, -1, -1, 1, -1, -1, 0, -1, -1, -1], [-1, -1, 2, -1, -1, -1, -1, -1, 12, -1], [-1, -1, 2, -1, -1, -1, -1, -1, 11, -1], [-1, -1, 2, -1, -1, -1, -1, -1, 10, -1], [-1, -1, 2, -1, -1, -1, -1, -1, 9, -1], [-1, -1, 2, -1, -1, -1, -1, -1, 3, -1], [-1, -1, 2, -1, -1, -1, -1, -1, 0, -1], [-1, -1, 2, -1, -1, -1, -1, 14, -1, -1], [-1, -1, 2, -1, -1, -1, -1, 13, -1, -1], [-1, -1, 2, -1, -1, -1, -1, 12, -1, -1], [-1, -1, 2, -1, -1, -1, -1, 11, -1, -1], [-1, -1, 2, -1, -1, -1, -1, 10, -1, -1], [-1, -1, 2, -1, -1, 5, -1, -1, -1, -1], [-1, -1, 2, -1, -1, 1, -1, -1, -1, -1], [-1, -1, 2, -1, -1, 0, -1, -1, -1, -1], [-1, -1, 2, 2, -1, -1, -1, -1, 2, -1], [-1, -1, 2, 1, -1, -1, -1, -1, -1, -1], [-1, -1, 0, -1, -1, -1, 1, 13, 3, -1], [-1, 15, -1, -1, -1, -1, 5, -1, -1, -1], [-1, 15, -1, -1, -1, -1, 0, -1, -1, -1], [-1, 15, 2, -1, -1, -1, -1, -1, -1, -1], [-1, 14, -1, -1, -1, -1, -1, -1, -1, -1], [-1, 12, -1, -1, -1, -1, -1, -1, 11, -1], [-1, 12, -1, -1, -1, -1, -1, -1, 3, -1], [-1, 12, -1, -1, -1, -1, 5, -1, -1, -1], [-1, 12, -1, -1, -1, -1, 0, -1, -1, -1], [-1, 12, -1, -1, -1, 4, -1, -1, -1, -1], [-1, 12, -1, -1, 1, -1, -1, -1, -1, -1], [-1, 12, -1, 1, -1, -1, -1, -1, -1, -1], [-1, 12, 2, -1, -1, -1, -1, -1, -1, -1], [-1, 11, -1, -1, 1, -1, -1, -1, 12, -1], [-1, 10, -1, -1, -1, -1, -1, -1, -1, -1], [-1, 9, -1, -1, -1, -1, -1, -1, 10, -1], [-1, 9, -1, -1, -1, -1, 5, -1, -1, -1], [-1, 9, -1, -1, -1, -1, 0, -1, -1, -1], [-1, 9, -1, -1, -1, 4, -1, -1, 11, -1], [-1, 9, -1, -1, -1, 0, -1, -1, -1, -1], [-1, 9, -1, -1, 1, -1, -1, -1, 3, -1], [-1, 9, -1, -1, 1, -1, -1, -1, 2, -1], [-1, 9, -1, -1, 1, 5, -1, -1, -1, -1], [-1, 9, -1, -1, 1, 1, -1, -1, -1, 0], [-1, 9, -1, 4, 1, 4, -1, -1, -1, -1], [-1, 9, 2, -1, -1, -1, -1, -1, -1, -1], [-1, 9, 0, -1, -1, -1, 1, -1, 3, -1], [-1, 8, -1, -1, -1, -1, 0, -1, -1, -1], [-1, 8, -1, -1, 1, -1, -1, -1, 3, -1], [-1, 8, -1, 4, 1, -1, -1, -1, 11, -1], [-1, 8, 2, -1, -1, -1, -1, -1, -1, -1], [-1, 7, -1, -1, -1, -1, 0, -1, -1, -1], [-1, 7, -1, 4, -1, 2, -1, -1, 3, -1], [-1, 7, 2, -1, -1, -1, -1, -1, -1, -1], [2, -1, -1, -1, -1, -1, -1, -1, 12, -1], [2, -1, -1, -1, -1, -1, -1, -1, 9, -1], [2, -1, -1, -1, -1, -1, -1, -1, 3, -1], [2, -1, -1, -1, -1, -1, -1, 14, -1, -1], [2, -1, -1, -1, -1, -1, -1, 13, -1, -1], [2, -1, -1, -1, -1, -1, -1, 9, 13, -1], [2, -1, -1, -1, -1, -1, 0, -1, 13, -1], [2, -1, -1, -1, -1, -1, 0, 9, 2, -1], [2, -1, -1, -1, -1, 2, -1, 10, 2, -1], [2, -1, -1, -1, -1, 2, 0, 9, 6, -1], [2, -1, -1, -1, -1, 0, -1, 10, -1, -1], [2, -1, -1, -1, 1, -1, -1, 12, -1, -1], [2, -1, -1, -1, 1, -1, -1, 11, -1, -1], [2, -1, -1, -1, 1, -1, -1, 10, -1, -1], [2, -1, -1, -1, 1, 5, -1, -1, -1, -1], [2, -1, -1, -1, 1, 2, -1, -1, 11, -1], [2, -1, -1, 4, -1, 2, -1, 12, -1, -1], [2, -1, -1, 4, -1, 2, 0, -1, -1, -1], [2, -1, -1, 4, -1, 0, -1, -1, -1, -1], [2, -1, -1, 4, 1, 2, -1, 9, 2, -1], [2, -1, -1, 1, 1, -1, -1, -1, -1, -1], [2, -1, 2, -1, -1, -1, -1, -1, 13, -1], [2, -1, 2, -1, -1, -1, -1, 9, 6, 0], [2, -1, 2, -1, -1, -1, -1, 9, 2, -1], [2, -1, 2, -1, -1, 2, -1, 9, 6, -1], [2, -1, 2, 4, 1, 2, -1, -1, -1, -1], [2, 15, -1, -1, -1, 2, -1, -1, 2, -1], [2, 15, -1, -1, -1, 0, -1, -1, -1, -1], [2, 15, -1, -1, 1, -1, -1, -1, -1, -1], [2, 12, -1, -1, -1, -1, -1, -1, -1, -1], [2, 11, -1, -1, -1, -1, -1, -1, 13, -1], [2, 11, -1, -1, -1, -1, 0, -1, 2, -1], [2, 11, -1, -1, -1, 2, 0, -1, 6, -1], [2, 11, -1, 4, 1, 2, -1, -1, 2, -1], [2, 11, 2, -1, -1, -1, -1, -1, 6, 0], [2, 11, 2, -1, -1, -1, -1, -1, 2, -1], [2, 11, 2, -1, -1, 2, -1, -1, 6, -1], [2, 9, -1, -1, -1, -1, -1, -1, -1, -1], [2, 8, -1, -1, 1, -1, -1, -1, -1, -1], [2, 7, -1, -1, 1, -1, -1, -1, -1, -1], [2, 7, -1, 4, -1, 2, -1, -1, -1, -1], [1, -1, -1, -1, -1, -1, -1, 9, 10, -1], [1, -1, -1, -1, -1, -1, 5, -1, -1, -1], [1, -1, -1, -1, -1, 2, -1, 14, -1, -1], [1, -1, -1, -1, -1, 2, -1, 11, 2, -1], [1, -1, -1, -1, -1, 2, -1, 10, 9, -1], [1, -1, -1, -1, 1, -1, -1, -1, 12, -1], [1, -1, -1, -1, 1, -1, -1, -1, 11, -1], [1, -1, -1, -1, 1, -1, -1, -1, 10, -1], [1, -1, -1, -1, 1, -1, -1, -1, 9, -1], [1, -1, -1, -1, 1, -1, -1, -1, 3, -1], [1, -1, -1, -1, 1, -1, -1, 13, -1, -1], [1, -1, -1, -1, 1, -1, -1, 11, 2, -1], [1, -1, -1, -1, 1, 2, -1, 10, 2, -1], [1, -1, -1, -1, 1, 1, -1, 10, -1, -1], [1, -1, -1, 4, -1, -1, -1, -1, 10, -1], [1, -1, -1, 4, -1, -1, -1, 13, 2, -1], [1, -1, -1, 4, -1, -1, -1, 13, 0, -1], [1, -1, -1, 4, -1, 2, -1, 10, 2, 0], [1, -1, -1, 4, -1, 0, -1, -1, -1, -1], [1, -1, 2, 4, -1, -1, -1, -1, -1, -1], [1, 15, -1, -1, -1, 2, -1, -1, 9, -1], [1, 15, -1, -1, 1, 2, -1, -1, 2, -1], [1, 15, -1, -1, 1, 1, -1, -1, -1, -1], [1, 15, -1, 4, -1, 2, -1, -1, 2, 0], [1, 12, -1, -1, -1, 2, -1, -1, -1, -1], [1, 11, -1, -1, -1, -1, -1, -1, 10, -1], [1, 9, -1, -1, 1, -1, -1, -1, -1, -1], [1, 9, -1, 4, -1, -1, -1, -1, 2, -1], [1, 9, -1, 4, -1, -1, -1, -1, 0, -1], [1, 8, -1, -1, -1, 2, -1, -1, 2, -1], [1, 8, -1, -1, 1, -1, -1, -1, 2, -1]]
11 199 
 [[-1, -1, -1, -1, -1, -1, -1, -1, -1, 1, -1], [-1, -1, -1, -1, -1, -1, -1, -1, 13, -1, 1], [-1, -1, -1, -1, -1, -1, -1, -1, 9, -1, 1], [-1, -1, -1, -1, -1, -1, -1, -1, 3, -1, 1], [-1, -1, -1, -1, -1, -1, -1, -1, 2, -1, 1], [-1, -1, -1, -1, -1, -1, -1, 16, -1, -1, -1], [-1, -1, -1, -1, -1, -1, -1, 15, -1, -1, -1], [-1, -1, -1, -1, -1, -1, -1, 14, 11, -1, -1], [-1, -1, -1, -1, -1, -1, -1, 14, 3, -1, -1], [-1, -1, -1, -1, -1, -1, -1, 13, -1, -1, 1], [-1, -1, -1, -1, -1, -1, -1, 13, 10, -1, -1], [-1, -1, -1, -1, -1, -1, 5, -1, -1, -1, 1], [-1, -1, -1, -1, -1, -1, 5, -1, 9, -1, -1], [-1, -1, -1, -1, -1, -1, 5, -1, 3, -1, -1], [-1, -1, -1, -1, -1, -1, 5, -1, 0, -1, -1], [-1, -1, -1, -1, -1, -1, 5, 14, -1, -1, -1], [-1, -1, -1, -1, -1, -1, 5, 13, -1, -1, -1], [-1, -1, -1, -1, -1, -1, 5, 10, -1, -1, -1], [-1, -1, -1, -1, -1, -1, 0, -1, -1, -1, 1], [-1, -1, -1, -1, -1, -1, 0, -1, 12, -1, -1], [-1, -1, -1, -1, -1, -1, 0, -1, 11, -1, -1], [-1, -1, -1, -1, -1, -1, 0, -1, 10, -1, -1], [-1, -1, -1, -1, -1, -1, 0, -1, 9, -1, -1], [-1, -1, -1, -1, -1, -1, 0, -1, 3, -1, -1], [-1, -1, -1, -1, -1, -1, 0, -1, 0, -1, -1], [-1, -1, -1, -1, -1, -1, 0, 14, -1, -1, -1], [-1, -1, -1, -1, -1, -1, 0, 13, -1, -1, -1], [-1, -1, -1, -1, -1, -1, 0, 12, -1, -1, -1], [-1, -1, -1, -1, -1, -1, 0, 11, -1, -1, -1], [-1, -1, -1, -1, -1, -1, 0, 10, -1, -1, -1], [-1, -1, -1, -1, -1, 5, 0, -1, -1, -1, -1], [-1, -1, -1, -1, -1, 4, -1, -1, 9, -1, -1], [-1, -1, -1, -1, -1, 4, -1, 14, -1, -1, -1], [-1, -1, -1, -1, -1, 4, -1, 13, 11, -1, -1], [-1, -1, -1, -1, -1, 3, -1, -1, -1, -1, -1], [-1, -1, -1, -1, -1, 2, -1, 14, -1, -1, 1], [-1, -1, -1, -1, -1, 1, -1, -1, 10, -1, -1], [-1, -1, -1, -1, -1, 1, -1, -1, 3, -1, -1], [-1, -1, -1, -1, -1, 1, 5, -1, -1, -1, -1], [-1, -1, -1, -1, -1, 1, 0, -1, -1, -1, -1], [-1, -1, -1, -1, -1, 0, -1, -1, 9, -1, -1], [-1, -1, -1, -1, -1, 0, -1, -1, 3, -1, -1], [-1, -1, -1, -1, -1, 0, -1, -1, 2, -1, -1], [-1, -1, -1, -1, -1, 0, -1, 13, -1, -1, -1], [-1, -1, -1, -1, -1, 0, 0, -1, -1, -1, -1], [-1, -1, -1, -1, 1, -1, -1, -1, -1, -1, 1], [-1, -1, -1, -1, 1, -1, -1, 14, -1, -1, -1], [-1, -1, -1, -1, 1, -1, -1, 13, 3, -1, -1], [-1, -1, -1, -1, 1, -1, -1, 13, 2, -1, -1], [-1, -1, -1, -1, 1, -1, -1, 11, 3, -1, -1], [-1, -1, -1, -1, 1, -1, -1, 9, 12, -1, -1], [-1, -1, -1, -1, 1, 5, -1, -1, 3, -1, -1], [-1, -1, -1, -1, 1, 5, -1, 13, -1, -1, -1], [-1, -1, -1, -1, 1, 1, -1, 13, -1, 0, -1], [-1, -1, -1, -1, 1, 0, -1, -1, -1, -1, -1], [-1, -1, -1, 4, -1, -1, 5, -1, -1, -1, -1], [-1, -1, -1, 4, -1, 2, -1, 12, 3, -1, -1], [-1, -1, -1, 4, -1, 2, -1, 10, -1, -1, 1], [-1, -1, -1, 4, 1, -1, -1, 13, 0, -1, 0], [-1, -1, -1, 4, 1, -1, -1, 11, 11, -1, -1], [-1, -1, -1, 4, 1, 4, -1, 13, -1, -1, -1], [-1, -1, -1, 2, -1, -1, 0, -1, 2, -1, -1], [-1, -1, -1, 1, -1, -1, -1, -1, 9, -1, -1], [-1, -1, -1, 1, -1, -1, -1, -1, 3, -1, -1], [-1, -1, -1, 1, -1, -1, -1, 14, -1, -1, -1], [-1, -1, -1, 1, -1, -1, 0, -1, -1, -1, -1], [-1, -1, 2, -1, -1, -1, -1, -1, -1, -1, 1], [-1, -1, 2, -1, -1, -1, -1, -1, 12, -1, -1], [-1, -1, 2, -1, -1, -1, -1, -1, 11, -1, -1], [-1, -1, 2, -1, -1, -1, -1, -1, 10, -1, -1], [-1, -1, 2, -1, -1, -1, -1, -1, 9, -1, -1], [-1, -1, 2, -1, -1, -1, -1, -1, 3, -1, -1], [-1, -1, 2, -1, -1, -1, -1, -1, 0, -1, -1], [-1, -1, 2, -1, -1, -1, -1, 14, -1, -1, -1], [-1, -1, 2, -1, -1, -1, -1, 13, -1, -1, -1], [-1, -1, 2, -1, -1, -1, -1, 12, -1, -1, -1], [-1, -1, 2, -1, -1, -1, -1, 11, -1, -1, -1], [-1, -1, 2, -1, -1, -1, -1, 10, -1, -1, -1], [-1, -1, 2, -1, -1, 5, -1, -1, -1, -1, -1], [-1, -1, 2, -1, -1, 1, -1, -1, -1, -1, -1], [-1, -1, 2, -1, -1, 0, -1, -1, -1, -1, -1], [-1, -1, 2, 2, -1, -1, -1, -1, 2, -1, -1], [-1, -1, 2, 1, -1, -1, -1, -1, -1, -1, -1], [-1, -1, 0, -1, -1, -1, 1, 13, 3, -1, -1], [-1, -1, 0, -1, -1, 2, -1, 13, 3, -1, 0], [-1, 15, -1, -1, -1, -1, 5, -1, -1, -1, -1], [-1, 15, -1, -1, -1, -1, 0, -1, -1, -1, -1], [-1, 15, -1, 4, -1, 2, -1, -1, -1, -1, 1], [-1, 15, 2, -1, -1, -1, -1, -1, -1, -1, -1], [-1, 14, -1, -1, -1, -1, -1, -1, -1, -1, -1], [-1, 12, -1, -1, -1, -1, -1, -1, 11, -1, -1], [-1, 12, -1, -1, -1, -1, -1, -1, 3, -1, -1], [-1, 12, -1, -1, -1, -1, 5, -1, -1, -1, -1], [-1, 12, -1, -1, -1, -1, 0, -1, -1, -1, -1], [-1, 12, -1, -1, -1, 4, -1, -1, -1, -1, -1], [-1, 12, -1, -1, -1, 2, -1, -1, -1, -1, 1], [-1, 12, -1, -1, 1, -1, -1, -1, -1, -1, -1], [-1, 12, -1, 1, -1, -1, -1, -1, -1, -1, -1], [-1, 12, 2, -1, -1, -1, -1, -1, -1, -1, -1], [-1, 11, -1, -1, 1, -1, -1, -1, 12, -1, -1], [-1, 10, -1, -1, -1, -1, -1, -1, -1, -1, -1], [-1, 9, -1, -1, -1, -1, -1, -1, -1, -1, 1], [-1, 9, -1, -1, -1, -1, -1, -1, 10, -1, -1], [-1, 9, -1, -1, -1, -1, 5, -1, -1, -1, -1], [-1, 9, -1, -1, -1, -1, 0, -1, -1, -1, -1], [-1, 9, -1, -1, -1, 4, -1, -1, 11, -1, -1], [-1, 9, -1, -1, -1, 0, -1, -1, -1, -1, -1], [-1, 9, -1, -1, 1, -1, -1, -1, 3, -1, -1], [-1, 9, -1, -1, 1, -1, -1, -1, 2, -1, -1], [-1, 9, -1, -1, 1, 5, -1, -1, -1, -1, -1], [-1, 9, -1, -1, 1, 1, -1, -1, -1, 0, -1], [-1, 9, -1, 4, 1, -1, -1, -1, 0, -1, 0], [-1, 9, -1, 4, 1, 4, -1, -1, -1, -1, -1], [-1, 9, 2, -1, -1, -1, -1, -1, -1, -1, -1], [-1, 9, 0, -1, -1, -1, 1, -1, 3, -1, -1], [-1, 9, 0, -1, -1, 2, -1, -1, 3, -1, 0], [-1, 8, -1, -1, -1, -1, 0, -1, -1, -1, -1], [-1, 8, -1, -1, 1, -1, -1, -1, 3, -1, -1], [-1, 8, -1, 4, 1, -1, -1, -1, 11, -1, -1], [-1, 8, 2, -1, -1, -1, -1, -1, -1, -1, -1], [-1, 7, -1, -1, -1, -1, 0, -1, -1, -1, -1], [-1, 7, -1, 4, -1, 2, -1, -1, 3, -1, -1], [-1, 7, 2, -1, -1, -1, -1, -1, -1, -1, -1], [2, -1, -1, -1, -1, -1, -1, -1, -1, -1, 1], [2, -1, -1, -1, -1, -1, -1, -1, 12, -1, -1], [2, -1, -1, -1, -1, -1, -1, -1, 9, -1, -1], [2, -1, -1, -1, -1, -1, -1, -1, 3, -1, -1], [2, -1, -1, -1, -1, -1, -1, 14, -1, -1, -1], [2, -1, -1, -1, -1, -1, -1, 13, -1, -1, -1], [2, -1, -1, -1, -1, -1, -1, 9, 13, -1, -1], [2, -1, -1, -1, -1, -1, 0, -1, 13, -1, -1], [2, -1, -1, -1, -1, -1, 0, 9, 2, -1, -1], [2, -1, -1, -1, -1, 2, -1, 12, -1, -1, 0], [2, -1, -1, -1, -1, 2, -1, 10, 2, -1, -1], [2, -1, -1, -1, -1, 2, 0, 9, 6, -1, -1], [2, -1, -1, -1, -1, 0, -1, 10, -1, -1, -1], [2, -1, -1, -1, 1, -1, -1, 12, -1, -1, -1], [2, -1, -1, -1, 1, -1, -1, 11, -1, -1, -1], [2, -1, -1, -1, 1, -1, -1, 10, -1, -1, -1], [2, -1, -1, -1, 1, 5, -1, -1, -1, -1, -1], [2, -1, -1, -1, 1, 2, -1, -1, 11, -1, -1], [2, -1, -1, 4, -1, 2, -1, 12, -1, -1, -1], [2, -1, -1, 4, -1, 2, 0, -1, -1, -1, -1], [2, -1, -1, 4, -1, 0, -1, -1, -1, -1, -1], [2, -1, -1, 4, 1, 2, -1, 9, 2, -1, -1], [2, -1, -1, 1, 1, -1, -1, -1, -1, -1, -1], [2, -1, 2, -1, -1, -1, -1, -1, 13, -1, -1], [2, -1, 2, -1, -1, -1, -1, 9, 6, 0, -1], [2, -1, 2, -1, -1, -1, -1, 9, 2, -1, -1], [2, -1, 2, -1, -1, 2, -1, 9, 6, -1, -1], [2, -1, 2, 4, 1, 2, -1, -1, -1, -1, -1], [2, 15, -1, -1, -1, 2, -1, -1, 2, -1, -1], [2, 15, -1, -1, -1, 0, -1, -1, -1, -1, -1], [2, 15, -1, -1, 1, -1, -1, -1, -1, -1, -1], [2, 12, -1, -1, -1, -1, -1, -1, -1, -1, -1], [2, 11, -1, -1, -1, -1, -1, -1, 13, -1, -1], [2, 11, -1, -1, -1, -1, 0, -1, 2, -1, -1], [2, 11, -1, -1, -1, 2, 0, -1, 6, -1, -1], [2, 11, -1, 4, 1, 2, -1, -1, 2, -1, -1], [2, 11, 2, -1, -1, -1, -1, -1, 6, 0, -1], [2, 11, 2, -1, -1, -1, -1, -1, 2, -1, -1], [2, 11, 2, -1, -1, 2, -1, -1, 6, -1, -1], [2, 9, -1, -1, -1, -1, -1, -1, -1, -1, -1], [2, 8, -1, -1, 1, -1, -1, -1, -1, -1, -1], [2, 7, -1, -1, -1, 2, -1, -1, -1, -1, 0], [2, 7, -1, -1, 1, -1, -1, -1, -1, -1, -1], [2, 7, -1, 4, -1, 2, -1, -1, -1, -1, -1], [1, -1, -1, -1, -1, -1, -1, -1, -1, -1, 1], [1, -1, -1, -1, -1, -1, -1, 9, 10, -1, -1], [1, -1, -1, -1, -1, -1, 5, -1, -1, -1, -1], [1, -1, -1, -1, -1, 2, -1, 14, -1, -1, -1], [1, -1, -1, -1, -1, 2, -1, 11, 2, -1, -1], [1, -1, -1, -1, -1, 2, -1, 10, 9, -1, -1], [1, -1, -1, -1, 1, -1, -1, -1, 12, -1, -1], [1, -1, -1, -1, 1, -1, -1, -1, 11, -1, -1], [1, -1, -1, -1, 1, -1, -1, -1, 10, -1, -1], [1, -1, -1, -1, 1, -1, -1, -1, 9, -1, -1], [1, -1, -1, -1, 1, -1, -1, -1, 3, -1, -1], [1, -1, -1, -1, 1, -1, -1, 13, -1, -1, -1], [1, -1, -1, -1, 1, -1, -1, 11, 2, -1, -1], [1, -1, -1, -1, 1, 2, -1, 10, 2, -1, -1], [1, -1, -1, -1, 1, 1, -1, 10, -1, -1, -1], [1, -1, -1, 4, -1, -1, -1, -1, 10, -1, -1], [1, -1, -1, 4, -1, -1, -1, 13, 2, -1, -1], [1, -1, -1, 4, -1, -1, -1, 13, 0, -1, -1], [1, -1, -1, 4, -1, 2, -1, 10, 2, 0, -1], [1, -1, -1, 4, -1, 0, -1, -1, -1, -1, -1], [1, -1, 2, 4, -1, -1, -1, -1, -1, -1, -1], [1, 15, -1, -1, -1, 2, -1, -1, 9, -1, -1], [1, 15, -1, -1, 1, 2, -1, -1, 2, -1, -1], [1, 15, -1, -1, 1, 1, -1, -1, -1, -1, -1], [1, 15, -1, 4, -1, 2, -1, -1, 2, 0, -1], [1, 12, -1, -1, -1, 2, -1, -1, -1, -1, -1], [1, 11, -1, -1, -1, -1, -1, -1, 10, -1, -1], [1, 9, -1, -1, 1, -1, -1, -1, -1, -1, -1], [1, 9, -1, 4, -1, -1, -1, -1, 2, -1, -1], [1, 9, -1, 4, -1, -1, -1, -1, 0, -1, -1], [1, 8, -1, -1, -1, 2, -1, -1, 2, -1, -1], [1, 8, -1, -1, 1, -1, -1, -1, 2, -1, -1]]
12 246 
 [[-1, -1, -1, -1, -1, -1, -1, -1, -1, -1, 1, 1], [-1, -1, -1, -1, -1, -1, -1, -1, -1, 1, -1, -1], [-1, -1, -1, -1, -1, -1, -1, -1, 13, -1, 1, -1], [-1, -1, -1, -1, -1, -1, -1, -1, 10, -1, -1, 1], [-1, -1, -1, -1, -1, -1, -1, -1, 9, -1, -1, 1], [-1, -1, -1, -1, -1, -1, -1, -1, 9, -1, 1, -1], [-1, -1, -1, -1, -1, -1, -1, -1, 3, -1, 1, -1], [-1, -1, -1, -1, -1, -1, -1, -1, 2, -1, 1, -1], [-1, -1, -1, -1, -1, -1, -1, 16, -1, -1, -1, -1], [-1, -1, -1, -1, -1, -1, -1, 15, -1, -1, -1, -1], [-1, -1, -1, -1, -1, -1, -1, 14, -1, -1, -1, 1], [-1, -1, -1, -1, -1, -1, -1, 14, 11, -1, -1, -1], [-1, -1, -1, -1, -1, -1, -1, 14, 3, -1, -1, -1], [-1, -1, -1, -1, -1, -1, -1, 13, -1, -1, -1, 1], [-1, -1, -1, -1, -1, -1, -1, 13, -1, -1, 1, -1], [-1, -1, -1, -1, -1, -1, -1, 13, 10, -1, -1, -1], [-1, -1, -1, -1, -1, -1, -1, 10, 2, -1, -1, 1], [-1, -1, -1, -1, -1, -1, 5, -1, -1, -1, -1, 1], [-1, -1, -1, -1, -1, -1, 5, -1, -1, -1, 1, -1], [-1, -1, -1, -1, -1, -1, 5, -1, 9, -1, -1, -1], [-1, -1, -1, -1, -1, -1, 5, -1, 3, -1, -1, -1], [-1, -1, -1, -1, -1, -1, 5, -1, 0, -1, -1, -1], [-1, -1, -1, -1, -1, -1, 5, 14, -1, -1, -1, -1], [-1, -1, -1, -1, -1, -1, 5, 13, -1, -1, -1, -1], [-1, -1, -1, -1, -1, -1, 5, 10, -1, -1, -1, -1], [-1, -1, -1, -1, -1, -1, 0, -1, -1, -1, -1, 1], [-1, -1, -1, -1, -1, -1, 0, -1, -1, -1, 1, -1], [-1, -1, -1, -1, -1, -1, 0, -1, 12, -1, -1, -1], [-1, -1, -1, -1, -1, -1, 0, -1, 11, -1, -1, -1], [-1, -1, -1, -1, -1, -1, 0, -1, 10, -1, -1, -1], [-1, -1, -1, -1, -1, -1, 0, -1, 9, -1, -1, -1], [-1, -1, -1, -1, -1, -1, 0, -1, 3, -1, -1, -1], [-1, -1, -1, -1, -1, -1, 0, -1, 0, -1, -1, -1], [-1, -1, -1, -1, -1, -1, 0, 14, -1, -1, -1, -1], [-1, -1, -1, -1, -1, -1, 0, 13, -1, -1, -1, -1], [-1, -1, -1, -1, -1, -1, 0, 12, -1, -1, -1, -1], [-1, -1, -1, -1, -1, -1, 0, 11, -1, -1, -1, -1], [-1, -1, -1, -1, -1, -1, 0, 10, -1, -1, -1, -1], [-1, -1, -1, -1, -1, 5, -1, -1, -1, -1, -1, 1], [-1, -1, -1, -1, -1, 5, 0, -1, -1, -1, -1, -1], [-1, -1, -1, -1, -1, 4, -1, -1, 11, -1, -1, 1], [-1, -1, -1, -1, -1, 4, -1, -1, 9, -1, -1, -1], [-1, -1, -1, -1, -1, 4, -1, 14, -1, -1, -1, -1], [-1, -1, -1, -1, -1, 4, -1, 13, 11, -1, -1, -1], [-1, -1, -1, -1, -1, 3, -1, -1, -1, -1, -1, -1], [-1, -1, -1, -1, -1, 2, -1, 14, -1, -1, 1, -1], [-1, -1, -1, -1, -1, 2, -1, 12, -1, -1, -1, 1], [-1, -1, -1, -1, -1, 1, -1, -1, -1, -1, -1, 1], [-1, -1, -1, -1, -1, 1, -1, -1, 10, -1, -1, -1], [-1, -1, -1, -1, -1, 1, -1, -1, 3, -1, -1, -1], [-1, -1, -1, -1, -1, 1, 5, -1, -1, -1, -1, -1], [-1, -1, -1, -1, -1, 1, 0, -1, -1, -1, -1, -1], [-1, -1, -1, -1, -1, 0, -1, -1, -1, -1, -1, 1], [-1, -1, -1, -1, -1, 0, -1, -1, 9, -1, -1, -1], [-1, -1, -1, -1, -1, 0, -1, -1, 3, -1, -1, -1], [-1, -1, -1, -1, -1, 0, -1, -1, 2, -1, -1, -1], [-1, -1, -1, -1, -1, 0, -1, 13, -1, -1, -1, -1], [-1, -1, -1, -1, -1, 0, 0, -1, -1, -1, -1, -1], [-1, -1, -1, -1, 1, -1, -1, -1, -1, -1, 1, -1], [-1, -1, -1, -1, 1, -1, -1, -1, 12, -1, -1, 1], [-1, -1, -1, -1, 1, -1, -1, -1, 11, -1, -1, 1], [-1, -1, -1, -1, 1, -1, -1, -1, 3, -1, -1, 1], [-1, -1, -1, -1, 1, -1, -1, -1, 0, -1, -1, 1], [-1, -1, -1, -1, 1, -1, -1, 14, -1, -1, -1, -1], [-1, -1, -1, -1, 1, -1, -1, 13, 3, -1, -1, -1], [-1, -1, -1, -1, 1, -1, -1, 13, 2, -1, -1, -1], [-1, -1, -1, -1, 1, -1, -1, 11, 3, -1, -1, -1], [-1, -1, -1, -1, 1, -1, -1, 9, 12, -1, -1, -1], [-1, -1, -1, -1, 1, 5, -1, -1, 3, -1, -1, -1], [-1, -1, -1, -1, 1, 5, -1, 13, -1, -1, -1, -1], [-1, -1, -1, -1, 1, 4, -1, 13, -1, -1, -1, 0], [-1, -1, -1, -1, 1, 1, -1, 13, -1, 0, -1, -1], [-1, -1, -1, -1, 1, 0, -1, -1, -1, -1, -1, -1], [-1, -1, -1, 4, -1, -1, -1, -1, 11, -1, 0, 1], [-1, -1, -1, 4, -1, -1, -1, 9, 11, -1, -1, 1], [-1, -1, -1, 4, -1, -1, 5, -1, -1, -1, -1, -1], [-1, -1, -1, 4, -1, 2, -1, 12, 3, -1, -1, -1], [-1, -1, -1, 4, -1, 2, -1, 10, -1, -1, 1, -1], [-1, -1, -1, 4, 1, -1, -1, 13, 0, -1, 0, -1], [-1, -1, -1, 4, 1, -1, -1, 12, -1, -1, -1, 1], [-1, -1, -1, 4, 1, -1, -1, 11, 11, -1, -1, -1], [-1, -1, -1, 4, 1, 4, -1, 13, -1, -1, -1, -1], [-1, -1, -1, 2, -1, -1, 0, -1, 2, -1, -1, -1], [-1, -1, -1, 1, -1, -1, -1, -1, 9, -1, -1, -1], [-1, -1, -1, 1, -1, -1, -1, -1, 3, -1, -1, -1], [-1, -1, -1, 1, -1, -1, -1, 14, -1, -1, -1, -1], [-1, -1, -1, 1, -1, -1, 0, -1, -1, -1, -1, -1], [-1, -1, -1, 1, 1, 2, -1, 13, -1, 0, -1, 0], [-1, -1, 2, -1, -1, -1, -1, -1, -1, -1, -1, 1], [-1, -1, 2, -1, -1, -1, -1, -1, -1, -1, 1, -1], [-1, -1, 2, -1, -1, -1, -1, -1, 12, -1, -1, -1], [-1, -1, 2, -1, -1, -1, -1, -1, 11, -1, -1, -1], [-1, -1, 2, -1, -1, -1, -1, -1, 10, -1, -1, -1], [-1, -1, 2, -1, -1, -1, -1, -1, 9, -1, -1, -1], [-1, -1, 2, -1, -1, -1, -1, -1, 3, -1, -1, -1], [-1, -1, 2, -1, -1, -1, -1, -1, 0, -1, -1, -1], [-1, -1, 2, -1, -1, -1, -1, 14, -1, -1, -1, -1], [-1, -1, 2, -1, -1, -1, -1, 13, -1, -1, -1, -1], [-1, -1, 2, -1, -1, -1, -1, 12, -1, -1, -1, -1], [-1, -1, 2, -1, -1, -1, -1, 11, -1, -1, -1, -1], [-1, -1, 2, -1, -1, -1, -1, 10, -1, -1, -1, -1], [-1, -1, 2, -1, -1, 5, -1, -1, -1, -1, -1, -1], [-1, -1, 2, -1, -1, 1, -1, -1, -1, -1, -1, -1], [-1, -1, 2, -1, -1, 0, -1, -1, -1, -1, -1, -1], [-1, -1, 2, 2, -1, -1, -1, -1, 2, -1, -1, -1], [-1, -1, 2, 1, -1, -1, -1, -1, -1, -1, -1, -1], [-1, -1, 0, -1, -1, -1, -1, -1, 3, -1, -1, 1], [-1, -1, 0, -1, -1, -1, 1, 13, 3, -1, -1, -1], [-1, -1, 0, -1, -1, 2, -1, 13, 3, -1, 0, -1], [-1, 15, -1, -1, -1, -1, -1, -1, 2, -1, -1, 1], [-1, 15, -1, -1, -1, -1, 5, -1, -1, -1, -1, -1], [-1, 15, -1, -1, -1, -1, 0, -1, -1, -1, -1, -1], [-1, 15, -1, 4, -1, 2, -1, -1, -1, -1, 1, -1], [-1, 15, 2, -1, -1, -1, -1, -1, -1, -1, -1, -1], [-1, 14, -1, -1, -1, -1, -1, -1, -1, -1, -1, -1], [-1, 12, -1, -1, -1, -1, -1, -1, -1, -1, -1, 1], [-1, 12, -1, -1, -1, -1, -1, -1, 11, -1, -1, -1], [-1, 12, -1, -1, -1, -1, -1, -1, 3, -1, -1, -1], [-1, 12, -1, -1, -1, -1, 5, -1, -1, -1, -1, -1], [-1, 12, -1, -1, -1, -1, 0, -1, -1, -1, -1, -1], [-1, 12, -1, -1, -1, 4, -1, -1, -1, -1, -1, -1], [-1, 12, -1, -1, -1, 2, -1, -1, -1, -1, 1, -1], [-1, 12, -1, -1, 1, -1, -1, -1, -1, -1, -1, -1], [-1, 12, -1, 1, -1, -1, -1, -1, -1, -1, -1, -1], [-1, 12, 2, -1, -1, -1, -1, -1, -1, -1, -1, -1], [-1, 11, -1, -1, 1, -1, -1, -1, 12, -1, -1, -1], [-1, 11, -1, 4, -1, -1, -1, -1, 11, -1, -1, 1], [-1, 10, -1, -1, -1, -1, -1, -1, -1, -1, -1, -1], [-1, 9, -1, -1, -1, -1, -1, -1, -1, -1, -1, 1], [-1, 9, -1, -1, -1, -1, -1, -1, -1, -1, 1, -1], [-1, 9, -1, -1, -1, -1, -1, -1, 10, -1, -1, -1], [-1, 9, -1, -1, -1, -1, 5, -1, -1, -1, -1, -1], [-1, 9, -1, -1, -1, -1, 0, -1, -1, -1, -1, -1], [-1, 9, -1, -1, -1, 4, -1, -1, 11, -1, -1, -1], [-1, 9, -1, -1, -1, 0, -1, -1, -1, -1, -1, -1], [-1, 9, -1, -1, 1, -1, -1, -1, 3, -1, -1, -1], [-1, 9, -1, -1, 1, -1, -1, -1, 2, -1, -1, -1], [-1, 9, -1, -1, 1, 5, -1, -1, -1, -1, -1, -1], [-1, 9, -1, -1, 1, 4, -1, -1, -1, -1, -1, 0], [-1, 9, -1, -1, 1, 1, -1, -1, -1, 0, -1, -1], [-1, 9, -1, 4, 1, -1, -1, -1, 0, -1, 0, -1], [-1, 9, -1, 4, 1, 4, -1, -1, -1, -1, -1, -1], [-1, 9, -1, 1, 1, 2, -1, -1, -1, 0, -1, 0], [-1, 9, 2, -1, -1, -1, -1, -1, -1, -1, -1, -1], [-1, 9, 0, -1, -1, -1, 1, -1, 3, -1, -1, -1], [-1, 9, 0, -1, -1, 2, -1, -1, 3, -1, 0, -1], [-1, 8, -1, -1, -1, -1, 0, -1, -1, -1, -1, -1], [-1, 8, -1, -1, 1, -1, -1, -1, 3, -1, -1, -1], [-1, 8, -1, 4, 1, -1, -1, -1, 11, -1, -1, -1], [-1, 8, 2, -1, -1, -1, -1, -1, -1, -1, -1, -1], [-1, 7, -1, -1, -1, -1, 0, -1, -1, -1, -1, -1], [-1, 7, -1, -1, -1, 2, -1, -1, -1, -1, -1, 1], [-1, 7, -1, 4, -1, 2, -1, -1, 3, -1, -1, -1], [-1, 7, -1, 4, 1, -1, -1, -1, -1, -1, -1, 1], [-1, 7, 2, -1, -1, -1, -1, -1, -1, -1, -1, -1], [2, -1, -1, -1, -1, -1, -1, -1, -1, -1, -1, 1], [2, -1, -1, -1, -1, -1, -1, -1, -1, -1, 1, -1], [2, -1, -1, -1, -1, -1, -1, -1, 12, -1, -1, -1], [2, -1, -1, -1, -1, -1, -1, -1, 9, -1, -1, -1], [2, -1, -1, -1, -1, -1, -1, -1, 3, -1, -1, -1], [2, -1, -1, -1, -1, -1, -1, 14, -1, -1, -1, -1], [2, -1, -1, -1, -1, -1, -1, 13, -1, -1, -1, -1], [2, -1, -1, -1, -1, -1, -1, 9, 13, -1, -1, -1], [2, -1, -1, -1, -1, -1, 0, -1, 13, -1, -1, -1], [2, -1, -1, -1, -1, -1, 0, 9, 6, 0, -1, 0], [2, -1, -1, -1, -1, -1, 0, 9, 2, -1, -1, -1], [2, -1, -1, -1, -1, 2, -1, 12, -1, -1, 0, -1], [2, -1, -1, -1, -1, 2, -1, 10, 2, -1, -1, -1], [2, -1, -1, -1, -1, 2, 0, 9, 6, -1, -1, -1], [2, -1, -1, -1, -1, 0, -1, 10, -1, -1, -1, -1], [2, -1, -1, -1, 1, -1, -1, 12, -1, -1, -1, -1], [2, -1, -1, -1, 1, -1, -1, 11, -1, -1, -1, -1], [2, -1, -1, -1, 1, -1, -1, 10, -1, -1, -1, -1], [2, -1, -1, -1, 1, 5, -1, -1, -1, -1, -1, -1], [2, -1, -1, -1, 1, 2, -1, -1, 11, -1, -1, -1], [2, -1, -1, 4, -1, 2, -1, 12, -1, -1, -1, -1], [2, -1, -1, 4, -1, 2, 0, -1, -1, -1, -1, -1], [2, -1, -1, 4, -1, 0, -1, -1, -1, -1, -1, -1], [2, -1, -1, 4, 1, 2, -1, 9, 2, -1, -1, -1], [2, -1, -1, 1, 1, -1, -1, -1, -1, -1, -1, -1], [2, -1, 2, -1, -1, -1, -1, -1, 13, -1, -1, -1], [2, -1, 2, -1, -1, -1, -1, 9, 6, 0, -1, -1], [2, -1, 2, -1, -1, -1, -1, 9, 2, -1, -1, -1], [2, -1, 2, -1, -1, 2, -1, 9, 6, -1, -1, -1], [2, -1, 2, 4, 1, 2, -1, -1, -1, -1, -1, -1], [2, 15, -1, -1, -1, 2, -1, -1, 2, -1, -1, -1], [2, 15, -1, -1, -1, 0, -1, -1, -1, -1, -1, -1], [2, 15, -1, -1, 1, -1, -1, -1, -1, -1, -1, -1], [2, 12, -1, -1, -1, -1, -1, -1, -1, -1, -1, -1], [2, 11, -1, -1, -1, -1, -1, -1, 13, -1, -1, -1], [2, 11, -1, -1, -1, -1, 0, -1, 6, 0, -1, 0], [2, 11, -1, -1, -1, -1, 0, -1, 2, -1, -1, -1], [2, 11, -1, -1, -1, 2, 0, -1, 6, -1, -1, -1], [2, 11, -1, 4, 1, 2, -1, -1, 2, -1, -1, -1], [2, 11, 2, -1, -1, -1, -1, -1, 6, 0, -1, -1], [2, 11, 2, -1, -1, -1, -1, -1, 2, -1, -1, -1], [2, 11, 2, -1, -1, 2, -1, -1, 6, -1, -1, -1], [2, 9, -1, -1, -1, -1, -1, -1, -1, -1, -1, -1], [2, 8, -1, -1, 1, -1, -1, -1, -1, -1, -1, -1], [2, 7, -1, -1, -1, 2, -1, -1, -1, -1, 0, -1], [2, 7, -1, -1, 1, -1, -1, -1, -1, -1, -1, -1], [2, 7, -1, 4, -1, 2, -1, -1, -1, -1, -1, -1], [1, -1, -1, -1, -1, -1, -1, -1, -1, -1, 1, -1], [1, -1, -1, -1, -1, -1, -1, -1, 12, -1, -1, 1], [1, -1, -1, -1, -1, -1, -1, -1, 11, -1, -1, 1], [1, -1, -1, -1, -1, -1, -1, -1, 6, -1, -1, 1], [1, -1, -1, -1, -1, -1, -1, 12, -1, -1, -1, 1], [1, -1, -1, -1, -1, -1, -1, 9, 10, -1, -1, -1], [1, -1, -1, -1, -1, -1, 5, -1, -1, -1, -1, -1], [1, -1, -1, -1, -1, 2, -1, 14, -1, -1, -1, -1], [1, -1, -1, -1, -1, 2, -1, 11, 2, -1, -1, -1], [1, -1, -1, -1, -1, 2, -1, 10, 9, -1, -1, -1], [1, -1, -1, -1, -1, 2, 1, -1, 3, -1, 0, 1], [1, -1, -1, -1, 1, -1, -1, -1, 12, -1, -1, -1], [1, -1, -1, -1, 1, -1, -1, -1, 11, -1, -1, -1], [1, -1, -1, -1, 1, -1, -1, -1, 10, -1, -1, -1], [1, -1, -1, -1, 1, -1, -1, -1, 9, -1, -1, -1], [1, -1, -1, -1, 1, -1, -1, -1, 3, -1, -1, -1], [1, -1, -1, -1, 1, -1, -1, -1, 2, -1, -1, 1], [1, -1, -1, -1, 1, -1, -1, 13, -1, -1, -1, -1], [1, -1, -1, -1, 1, -1, -1, 11, 2, -1, -1, -1], [1, -1, -1, -1, 1, -1, -1, 10, -1, -1, -1, 1], [1, -1, -1, -1, 1, 2, -1, 10, 2, -1, -1, -1], [1, -1, -1, -1, 1, 1, -1, 10, -1, -1, -1, -1], [1, -1, -1, -1, 0, -1, 1, -1, 3, -1, -1, 1], [1, -1, -1, 4, -1, -1, -1, -1, 10, -1, -1, -1], [1, -1, -1, 4, -1, -1, -1, 13, 2, -1, -1, -1], [1, -1, -1, 4, -1, -1, -1, 13, 0, -1, -1, -1], [1, -1, -1, 4, -1, 2, -1, -1, 2, 0, -1, 1], [1, -1, -1, 4, -1, 2, -1, 10, 2, 0, -1, -1], [1, -1, -1, 4, -1, 0, -1, -1, -1, -1, -1, -1], [1, -1, -1, 1, -1, -1, -1, -1, -1, -1, -1, 1], [1, -1, 2, 4, -1, -1, -1, -1, -1, -1, -1, -1], [1, 15, -1, -1, -1, 2, -1, -1, 9, -1, -1, -1], [1, 15, -1, -1, 1, -1, -1, -1, -1, -1, -1, 1], [1, 15, -1, -1, 1, 2, -1, -1, 2, -1, -1, -1], [1, 15, -1, -1, 1, 1, -1, -1, -1, -1, -1, -1], [1, 15, -1, 4, -1, 2, -1, -1, 2, 0, -1, -1], [1, 12, -1, -1, -1, 2, -1, -1, -1, -1, -1, -1], [1, 11, -1, -1, -1, -1, -1, -1, 10, -1, -1, -1], [1, 9, -1, -1, 1, -1, -1, -1, -1, -1, -1, -1], [1, 9, -1, 4, -1, -1, -1, -1, 2, -1, -1, -1], [1, 9, -1, 4, -1, -1, -1, -1, 0, -1, -1, -1], [1, 8, -1, -1, -1, 2, -1, -1, 2, -1, -1, -1], [1, 8, -1, -1, 1, -1, -1, -1, 2, -1, -1, -1], [1, 7, -1, -1, -1, -1, -1, -1, -1, -1, -1, 1]]
