overall FPR: 0.1434627776835679
execution time
10 2.279778242111206
20 1.9586091041564941
30 1.6960389614105225
40 1.574549913406372
50 1.3488938808441162
60 1.281879186630249
70 1.1834838390350342
80 1.1514348983764648
90 1.113891839981079
100 1.059873104095459


number of calculations
10 12154.0
20 10647.0
30 9481.0
40 8736.0
50 8028.0
60 7519.0
70 6990.0
80 6618.0
90 6162.0
100 5840.0


number of patterns found
10 63 
 [[-1, -1, -1, -1, -1, 3], [-1, -1, -1, -1, 1, 0], [-1, -1, -1, 1, -1, 0], [-1, -1, -1, 1, 1, 1], [-1, -1, 2, -1, -1, 5], [-1, -1, 2, -1, -1, 1], [-1, -1, 2, -1, -1, 0], [-1, -1, 2, 2, -1, 4], [-1, -1, 2, 1, -1, -1], [-1, -1, 2, 0, -1, 4], [-1, -1, 1, -1, -1, -1], [-1, 15, 2, -1, -1, -1], [-1, 14, -1, -1, -1, -1], [-1, 12, -1, -1, -1, 4], [-1, 12, -1, -1, 1, -1], [-1, 12, -1, 1, -1, -1], [-1, 12, 3, -1, -1, -1], [-1, 12, 2, -1, -1, -1], [-1, 12, 0, 2, -1, -1], [-1, 10, -1, -1, -1, -1], [-1, 9, -1, -1, -1, 0], [-1, 9, -1, -1, 1, 5], [-1, 9, -1, 4, 1, 4], [-1, 9, -1, 2, 1, 1], [-1, 9, 6, -1, 1, -1], [-1, 9, 2, -1, -1, -1], [-1, 8, -1, 4, 1, 1], [-1, 8, 2, -1, -1, -1], [-1, 7, -1, -1, 0, 0], [-1, 7, -1, 4, -1, 0], [-1, 7, -1, 4, 0, 1], [-1, 7, 2, -1, -1, -1], [2, -1, -1, -1, 1, 5], [2, -1, -1, 4, -1, 0], [2, -1, -1, 1, -1, 1], [2, -1, -1, 1, 1, -1], [2, -1, 4, -1, -1, 5], [2, -1, 2, 4, 1, 2], [2, 15, -1, -1, -1, 0], [2, 15, -1, -1, 1, -1], [2, 12, -1, -1, -1, -1], [2, 9, -1, -1, -1, -1], [2, 8, -1, -1, 1, -1], [2, 7, -1, -1, 1, -1], [2, 7, -1, 4, -1, 2], [1, -1, -1, 4, -1, 0], [1, -1, 6, -1, 1, -1], [1, -1, 2, 4, -1, -1], [1, 15, -1, -1, 1, 1], [1, 15, -1, 0, 1, -1], [1, 12, -1, -1, -1, 2], [1, 11, 2, -1, 0, 4], [1, 9, -1, -1, 1, -1], [1, 9, -1, 2, -1, 1], [1, 8, -1, -1, 1, 1], [1, 8, -1, 4, 1, 5], [1, 8, -1, 1, -1, 2], [1, 8, -1, 1, 1, -1], [1, 7, -1, -1, -1, 0], [1, 5, 2, -1, -1, 4], [1, 4, -1, -1, 1, 4], [1, 4, 2, -1, -1, 4], [0, -1, 2, -1, 0, 4]]
20 45 
 [[-1, -1, -1, -1, -1, 3], [-1, -1, -1, -1, 1, 0], [-1, -1, -1, 1, -1, 0], [-1, -1, -1, 1, 1, 1], [-1, -1, 2, -1, -1, 5], [-1, -1, 2, -1, -1, 1], [-1, -1, 2, -1, -1, 0], [-1, -1, 2, 2, -1, 4], [-1, -1, 2, 1, -1, -1], [-1, 15, 2, -1, -1, -1], [-1, 14, -1, -1, -1, -1], [-1, 12, -1, -1, -1, 4], [-1, 12, -1, -1, 1, -1], [-1, 12, -1, 1, -1, -1], [-1, 12, 2, -1, -1, -1], [-1, 10, -1, -1, -1, -1], [-1, 9, -1, -1, -1, 0], [-1, 9, -1, -1, 1, 5], [-1, 9, -1, 4, 1, 4], [-1, 9, 2, -1, -1, -1], [-1, 8, -1, 4, 1, 1], [-1, 8, 2, -1, -1, -1], [-1, 7, -1, 4, -1, 0], [-1, 7, 2, -1, -1, -1], [2, -1, -1, -1, 1, 5], [2, -1, -1, 4, -1, 0], [2, -1, -1, 1, 1, -1], [2, -1, 2, 4, 1, 2], [2, 15, -1, -1, -1, 0], [2, 15, -1, -1, 1, -1], [2, 12, -1, -1, -1, -1], [2, 9, -1, -1, -1, -1], [2, 8, -1, -1, 1, -1], [2, 7, -1, -1, 1, -1], [2, 7, -1, 4, -1, 2], [1, -1, -1, 4, -1, 0], [1, -1, 6, -1, 1, -1], [1, -1, 2, 4, -1, -1], [1, 15, -1, -1, 1, 1], [1, 15, -1, 0, 1, -1], [1, 12, -1, -1, -1, 2], [1, 9, -1, -1, 1, -1], [1, 9, -1, 2, -1, 1], [1, 8, -1, -1, 1, 1], [1, 7, -1, -1, -1, 0]]
30 37 
 [[-1, -1, -1, -1, -1, 3], [-1, -1, -1, -1, 1, 0], [-1, -1, 2, -1, -1, 5], [-1, -1, 2, -1, -1, 1], [-1, -1, 2, -1, -1, 0], [-1, -1, 2, 1, -1, -1], [-1, 15, 2, -1, -1, -1], [-1, 14, -1, -1, -1, -1], [-1, 12, -1, -1, -1, 4], [-1, 12, -1, -1, 1, -1], [-1, 12, -1, 1, -1, -1], [-1, 12, 2, -1, -1, -1], [-1, 10, -1, -1, -1, -1], [-1, 9, -1, -1, -1, 0], [-1, 9, -1, -1, 1, 5], [-1, 9, -1, 4, 1, 4], [-1, 9, 2, -1, -1, -1], [-1, 8, -1, 4, 1, 1], [-1, 8, 2, -1, -1, -1], [-1, 7, 2, -1, -1, -1], [2, -1, -1, -1, 1, 5], [2, -1, -1, 4, -1, 0], [2, -1, -1, 1, 1, -1], [2, -1, 2, 4, 1, 2], [2, 15, -1, -1, -1, 0], [2, 15, -1, -1, 1, -1], [2, 12, -1, -1, -1, -1], [2, 9, -1, -1, -1, -1], [2, 8, -1, -1, 1, -1], [2, 7, -1, -1, 1, -1], [2, 7, -1, 4, -1, 2], [1, -1, -1, 4, -1, 0], [1, -1, 2, 4, -1, -1], [1, 15, -1, -1, 1, 1], [1, 12, -1, -1, -1, 2], [1, 9, -1, -1, 1, -1], [1, 8, -1, -1, 1, 1]]
40 36 
 [[-1, -1, -1, -1, -1, 3], [-1, -1, -1, -1, 1, 0], [-1, -1, 2, -1, -1, 5], [-1, -1, 2, -1, -1, 1], [-1, -1, 2, -1, -1, 0], [-1, -1, 2, 1, -1, -1], [-1, 15, 2, -1, -1, -1], [-1, 14, -1, -1, -1, -1], [-1, 12, -1, -1, -1, 4], [-1, 12, -1, -1, 1, -1], [-1, 12, -1, 1, -1, -1], [-1, 12, 2, -1, -1, -1], [-1, 10, -1, -1, -1, -1], [-1, 9, -1, -1, -1, 0], [-1, 9, -1, -1, 1, 5], [-1, 9, -1, 4, 1, 4], [-1, 9, 2, -1, -1, -1], [-1, 8, -1, 4, 1, 1], [-1, 8, 2, -1, -1, -1], [-1, 7, 2, -1, -1, -1], [2, -1, -1, -1, 1, 5], [2, -1, -1, 4, -1, 0], [2, -1, -1, 1, 1, -1], [2, -1, 2, 4, 1, 2], [2, 15, -1, -1, -1, 0], [2, 15, -1, -1, 1, -1], [2, 12, -1, -1, -1, -1], [2, 9, -1, -1, -1, -1], [2, 8, -1, -1, 1, -1], [2, 7, -1, -1, 1, -1], [2, 7, -1, 4, -1, 2], [1, -1, -1, 4, -1, 0], [1, -1, 2, 4, -1, -1], [1, 15, -1, -1, 1, 1], [1, 12, -1, -1, -1, 2], [1, 9, -1, -1, 1, -1]]
50 35 
 [[-1, -1, -1, -1, -1, 3], [-1, -1, -1, -1, 1, 0], [-1, -1, 2, -1, -1, 5], [-1, -1, 2, -1, -1, 1], [-1, -1, 2, -1, -1, 0], [-1, -1, 2, 1, -1, -1], [-1, 15, 2, -1, -1, -1], [-1, 14, -1, -1, -1, -1], [-1, 12, -1, -1, -1, 4], [-1, 12, -1, -1, 1, -1], [-1, 12, -1, 1, -1, -1], [-1, 12, 2, -1, -1, -1], [-1, 10, -1, -1, -1, -1], [-1, 9, -1, -1, -1, 0], [-1, 9, -1, -1, 1, 5], [-1, 9, -1, 4, 1, 4], [-1, 9, 2, -1, -1, -1], [-1, 8, 2, -1, -1, -1], [-1, 7, 2, -1, -1, -1], [2, -1, -1, -1, 1, 5], [2, -1, -1, 4, -1, 0], [2, -1, -1, 1, 1, -1], [2, -1, 2, 4, 1, 2], [2, 15, -1, -1, -1, 0], [2, 15, -1, -1, 1, -1], [2, 12, -1, -1, -1, -1], [2, 9, -1, -1, -1, -1], [2, 8, -1, -1, 1, -1], [2, 7, -1, -1, 1, -1], [2, 7, -1, 4, -1, 2], [1, -1, -1, 4, -1, 0], [1, -1, 2, 4, -1, -1], [1, 15, -1, -1, 1, 1], [1, 12, -1, -1, -1, 2], [1, 9, -1, -1, 1, -1]]
60 33 
 [[-1, -1, -1, -1, -1, 3], [-1, -1, -1, -1, 1, 0], [-1, -1, 2, -1, -1, 5], [-1, -1, 2, -1, -1, 1], [-1, -1, 2, -1, -1, 0], [-1, -1, 2, 1, -1, -1], [-1, 15, 2, -1, -1, -1], [-1, 14, -1, -1, -1, -1], [-1, 12, -1, -1, -1, 4], [-1, 12, -1, -1, 1, -1], [-1, 12, -1, 1, -1, -1], [-1, 12, 2, -1, -1, -1], [-1, 10, -1, -1, -1, -1], [-1, 9, -1, -1, -1, 0], [-1, 9, -1, -1, 1, 5], [-1, 9, -1, 4, 1, 4], [-1, 9, 2, -1, -1, -1], [-1, 8, 2, -1, -1, -1], [-1, 7, 2, -1, -1, -1], [2, -1, -1, -1, 1, 5], [2, -1, -1, 4, -1, 0], [2, -1, -1, 1, 1, -1], [2, -1, 2, 4, 1, 2], [2, 15, -1, -1, 1, -1], [2, 12, -1, -1, -1, -1], [2, 9, -1, -1, -1, -1], [2, 8, -1, -1, 1, -1], [2, 7, -1, -1, 1, -1], [1, -1, -1, 4, -1, 0], [1, -1, 2, 4, -1, -1], [1, 15, -1, -1, 1, 1], [1, 12, -1, -1, -1, 2], [1, 9, -1, -1, 1, -1]]
70 31 
 [[-1, -1, -1, -1, -1, 3], [-1, -1, -1, -1, 1, 0], [-1, -1, 2, -1, -1, 5], [-1, -1, 2, -1, -1, 1], [-1, -1, 2, -1, -1, 0], [-1, -1, 2, 1, -1, -1], [-1, 15, 2, -1, -1, -1], [-1, 14, -1, -1, -1, -1], [-1, 12, -1, -1, -1, 4], [-1, 12, -1, -1, 1, -1], [-1, 12, 2, -1, -1, -1], [-1, 10, -1, -1, -1, -1], [-1, 9, -1, -1, -1, 0], [-1, 9, -1, -1, 1, 5], [-1, 9, -1, 4, 1, 4], [-1, 9, 2, -1, -1, -1], [-1, 8, 2, -1, -1, -1], [-1, 7, 2, -1, -1, -1], [2, -1, -1, -1, 1, 5], [2, -1, -1, 4, -1, 0], [2, -1, -1, 1, 1, -1], [2, -1, 2, 4, 1, 2], [2, 15, -1, -1, 1, -1], [2, 12, -1, -1, -1, -1], [2, 9, -1, -1, -1, -1], [2, 8, -1, -1, 1, -1], [1, -1, -1, 4, -1, 0], [1, -1, 2, 4, -1, -1], [1, 15, -1, -1, 1, 1], [1, 12, -1, -1, -1, 2], [1, 9, -1, -1, 1, -1]]
80 30 
 [[-1, -1, -1, -1, -1, 3], [-1, -1, -1, -1, 1, 0], [-1, -1, 2, -1, -1, 5], [-1, -1, 2, -1, -1, 1], [-1, -1, 2, -1, -1, 0], [-1, -1, 2, 1, -1, -1], [-1, 15, 2, -1, -1, -1], [-1, 14, -1, -1, -1, -1], [-1, 12, -1, -1, -1, 4], [-1, 12, -1, -1, 1, -1], [-1, 12, 2, -1, -1, -1], [-1, 10, -1, -1, -1, -1], [-1, 9, -1, -1, -1, 0], [-1, 9, -1, -1, 1, 5], [-1, 9, -1, 4, 1, 4], [-1, 9, 2, -1, -1, -1], [-1, 8, 2, -1, -1, -1], [-1, 7, 2, -1, -1, -1], [2, -1, -1, -1, 1, 5], [2, -1, -1, 4, -1, 0], [2, -1, 2, 4, 1, 2], [2, 15, -1, -1, 1, -1], [2, 12, -1, -1, -1, -1], [2, 9, -1, -1, -1, -1], [2, 8, -1, -1, 1, -1], [1, -1, -1, 4, -1, 0], [1, -1, 2, 4, -1, -1], [1, 15, -1, -1, 1, 1], [1, 12, -1, -1, -1, 2], [1, 9, -1, -1, 1, -1]]
90 30 
 [[-1, -1, -1, -1, -1, 3], [-1, -1, -1, -1, 1, 0], [-1, -1, 2, -1, -1, 5], [-1, -1, 2, -1, -1, 1], [-1, -1, 2, -1, -1, 0], [-1, -1, 2, 1, -1, -1], [-1, 15, 2, -1, -1, -1], [-1, 14, -1, -1, -1, -1], [-1, 12, -1, -1, -1, 4], [-1, 12, -1, -1, 1, -1], [-1, 12, 2, -1, -1, -1], [-1, 10, -1, -1, -1, -1], [-1, 9, -1, -1, -1, 0], [-1, 9, -1, -1, 1, 5], [-1, 9, -1, 4, 1, 4], [-1, 9, 2, -1, -1, -1], [-1, 8, 2, -1, -1, -1], [-1, 7, 2, -1, -1, -1], [2, -1, -1, -1, 1, 5], [2, -1, -1, 4, -1, 0], [2, -1, 2, 4, 1, 2], [2, 15, -1, -1, 1, -1], [2, 12, -1, -1, -1, -1], [2, 9, -1, -1, -1, -1], [2, 8, -1, -1, 1, -1], [1, -1, -1, 4, -1, 0], [1, -1, 2, 4, -1, -1], [1, 15, -1, -1, 1, 1], [1, 12, -1, -1, -1, 2], [1, 9, -1, -1, 1, -1]]
100 28 
 [[-1, -1, -1, -1, -1, 3], [-1, -1, -1, -1, 1, 0], [-1, -1, 2, -1, -1, 5], [-1, -1, 2, -1, -1, 1], [-1, -1, 2, -1, -1, 0], [-1, -1, 2, 1, -1, -1], [-1, 15, 2, -1, -1, -1], [-1, 14, -1, -1, -1, -1], [-1, 12, -1, -1, 1, -1], [-1, 12, 2, -1, -1, -1], [-1, 10, -1, -1, -1, -1], [-1, 9, -1, -1, -1, 0], [-1, 9, -1, -1, 1, 5], [-1, 9, -1, 4, 1, 4], [-1, 9, 2, -1, -1, -1], [-1, 8, 2, -1, -1, -1], [-1, 7, 2, -1, -1, -1], [2, -1, -1, -1, 1, 5], [2, -1, -1, 4, -1, 0], [2, -1, 2, 4, 1, 2], [2, 15, -1, -1, 1, -1], [2, 12, -1, -1, -1, -1], [2, 9, -1, -1, -1, -1], [1, -1, -1, 4, -1, 0], [1, -1, 2, 4, -1, -1], [1, 15, -1, -1, 1, 1], [1, 12, -1, -1, -1, 2], [1, 9, -1, -1, 1, -1]]
