overall FPR: 0.1434627776835679
execution time
10 8.91812515258789
20 7.836301803588867
30 8.313087224960327
40 7.52699875831604
50 7.203032732009888
60 7.144507884979248
70 7.1169610023498535
80 7.0748748779296875
90 7.07922101020813
100 7.131830215454102


number of calculations
10 78335.0
20 78335.0
30 78335.0
40 78335.0
50 78335.0
60 78335.0
70 78335.0
80 78335.0
90 78335.0
100 78335.0


number of patterns found
10 63 
 [[-1, 10, -1, -1, -1, -1], [-1, 14, -1, -1, -1, -1], [-1, -1, 1, -1, -1, -1], [-1, -1, -1, -1, -1, 3], [2, 9, -1, -1, -1, -1], [2, 12, -1, -1, -1, -1], [-1, 7, 2, -1, -1, -1], [-1, 8, 2, -1, -1, -1], [-1, 9, 2, -1, -1, -1], [-1, 12, 2, -1, -1, -1], [-1, 12, 3, -1, -1, -1], [-1, 15, 2, -1, -1, -1], [-1, 12, -1, 1, -1, -1], [-1, 12, -1, -1, 1, -1], [-1, 9, -1, -1, -1, 0], [-1, 12, -1, -1, -1, 4], [-1, -1, 2, 1, -1, -1], [-1, -1, 2, -1, -1, 0], [-1, -1, 2, -1, -1, 1], [-1, -1, 2, -1, -1, 5], [-1, -1, -1, 1, -1, 0], [-1, -1, -1, -1, 1, 0], [1, 9, -1, -1, 1, -1], [2, 7, -1, -1, 1, -1], [2, 8, -1, -1, 1, -1], [2, 15, -1, -1, 1, -1], [1, 7, -1, -1, -1, 0], [1, 12, -1, -1, -1, 2], [2, 15, -1, -1, -1, 0], [1, -1, 2, 4, -1, -1], [1, -1, 6, -1, 1, -1], [2, -1, 4, -1, -1, 5], [2, -1, -1, 1, 1, -1], [1, -1, -1, 4, -1, 0], [2, -1, -1, 1, -1, 1], [2, -1, -1, 4, -1, 0], [2, -1, -1, -1, 1, 5], [-1, 12, 0, 2, -1, -1], [-1, 9, 6, -1, 1, -1], [-1, 7, -1, 4, -1, 0], [-1, 7, -1, -1, 0, 0], [-1, 9, -1, -1, 1, 5], [-1, -1, 2, 0, -1, 4], [-1, -1, 2, 2, -1, 4], [-1, -1, -1, 1, 1, 1], [1, 4, 2, -1, -1, 4], [1, 5, 2, -1, -1, 4], [1, 8, -1, 1, 1, -1], [1, 15, -1, 0, 1, -1], [1, 8, -1, 1, -1, 2], [1, 9, -1, 2, -1, 1], [2, 7, -1, 4, -1, 2], [1, 4, -1, -1, 1, 4], [1, 8, -1, -1, 1, 1], [1, 15, -1, -1, 1, 1], [0, -1, 2, -1, 0, 4], [-1, 7, -1, 4, 0, 1], [-1, 8, -1, 4, 1, 1], [-1, 9, -1, 2, 1, 1], [-1, 9, -1, 4, 1, 4], [1, 11, 2, -1, 0, 4], [1, 8, -1, 4, 1, 5], [2, -1, 2, 4, 1, 2]]
20 45 
 [[-1, 10, -1, -1, -1, -1], [-1, 14, -1, -1, -1, -1], [-1, -1, -1, -1, -1, 3], [2, 9, -1, -1, -1, -1], [2, 12, -1, -1, -1, -1], [-1, 7, 2, -1, -1, -1], [-1, 8, 2, -1, -1, -1], [-1, 9, 2, -1, -1, -1], [-1, 12, 2, -1, -1, -1], [-1, 15, 2, -1, -1, -1], [-1, 12, -1, 1, -1, -1], [-1, 12, -1, -1, 1, -1], [-1, 9, -1, -1, -1, 0], [-1, 12, -1, -1, -1, 4], [-1, -1, 2, 1, -1, -1], [-1, -1, 2, -1, -1, 0], [-1, -1, 2, -1, -1, 1], [-1, -1, 2, -1, -1, 5], [-1, -1, -1, 1, -1, 0], [-1, -1, -1, -1, 1, 0], [1, 9, -1, -1, 1, -1], [2, 7, -1, -1, 1, -1], [2, 8, -1, -1, 1, -1], [2, 15, -1, -1, 1, -1], [1, 7, -1, -1, -1, 0], [1, 12, -1, -1, -1, 2], [2, 15, -1, -1, -1, 0], [1, -1, 2, 4, -1, -1], [1, -1, 6, -1, 1, -1], [2, -1, -1, 1, 1, -1], [1, -1, -1, 4, -1, 0], [2, -1, -1, 4, -1, 0], [2, -1, -1, -1, 1, 5], [-1, 7, -1, 4, -1, 0], [-1, 9, -1, -1, 1, 5], [-1, -1, 2, 2, -1, 4], [-1, -1, -1, 1, 1, 1], [1, 15, -1, 0, 1, -1], [1, 9, -1, 2, -1, 1], [2, 7, -1, 4, -1, 2], [1, 8, -1, -1, 1, 1], [1, 15, -1, -1, 1, 1], [-1, 8, -1, 4, 1, 1], [-1, 9, -1, 4, 1, 4], [2, -1, 2, 4, 1, 2]]
30 37 
 [[-1, 10, -1, -1, -1, -1], [-1, 14, -1, -1, -1, -1], [-1, -1, -1, -1, -1, 3], [2, 9, -1, -1, -1, -1], [2, 12, -1, -1, -1, -1], [-1, 7, 2, -1, -1, -1], [-1, 8, 2, -1, -1, -1], [-1, 9, 2, -1, -1, -1], [-1, 12, 2, -1, -1, -1], [-1, 15, 2, -1, -1, -1], [-1, 12, -1, 1, -1, -1], [-1, 12, -1, -1, 1, -1], [-1, 9, -1, -1, -1, 0], [-1, 12, -1, -1, -1, 4], [-1, -1, 2, 1, -1, -1], [-1, -1, 2, -1, -1, 0], [-1, -1, 2, -1, -1, 1], [-1, -1, 2, -1, -1, 5], [-1, -1, -1, -1, 1, 0], [1, 9, -1, -1, 1, -1], [2, 7, -1, -1, 1, -1], [2, 8, -1, -1, 1, -1], [2, 15, -1, -1, 1, -1], [1, 12, -1, -1, -1, 2], [2, 15, -1, -1, -1, 0], [1, -1, 2, 4, -1, -1], [2, -1, -1, 1, 1, -1], [1, -1, -1, 4, -1, 0], [2, -1, -1, 4, -1, 0], [2, -1, -1, -1, 1, 5], [-1, 9, -1, -1, 1, 5], [2, 7, -1, 4, -1, 2], [1, 8, -1, -1, 1, 1], [1, 15, -1, -1, 1, 1], [-1, 8, -1, 4, 1, 1], [-1, 9, -1, 4, 1, 4], [2, -1, 2, 4, 1, 2]]
40 36 
 [[-1, 10, -1, -1, -1, -1], [-1, 14, -1, -1, -1, -1], [-1, -1, -1, -1, -1, 3], [2, 9, -1, -1, -1, -1], [2, 12, -1, -1, -1, -1], [-1, 7, 2, -1, -1, -1], [-1, 8, 2, -1, -1, -1], [-1, 9, 2, -1, -1, -1], [-1, 12, 2, -1, -1, -1], [-1, 15, 2, -1, -1, -1], [-1, 12, -1, 1, -1, -1], [-1, 12, -1, -1, 1, -1], [-1, 9, -1, -1, -1, 0], [-1, 12, -1, -1, -1, 4], [-1, -1, 2, 1, -1, -1], [-1, -1, 2, -1, -1, 0], [-1, -1, 2, -1, -1, 1], [-1, -1, 2, -1, -1, 5], [-1, -1, -1, -1, 1, 0], [1, 9, -1, -1, 1, -1], [2, 7, -1, -1, 1, -1], [2, 8, -1, -1, 1, -1], [2, 15, -1, -1, 1, -1], [1, 12, -1, -1, -1, 2], [2, 15, -1, -1, -1, 0], [1, -1, 2, 4, -1, -1], [2, -1, -1, 1, 1, -1], [1, -1, -1, 4, -1, 0], [2, -1, -1, 4, -1, 0], [2, -1, -1, -1, 1, 5], [-1, 9, -1, -1, 1, 5], [2, 7, -1, 4, -1, 2], [1, 15, -1, -1, 1, 1], [-1, 8, -1, 4, 1, 1], [-1, 9, -1, 4, 1, 4], [2, -1, 2, 4, 1, 2]]
50 35 
 [[-1, 10, -1, -1, -1, -1], [-1, 14, -1, -1, -1, -1], [-1, -1, -1, -1, -1, 3], [2, 9, -1, -1, -1, -1], [2, 12, -1, -1, -1, -1], [-1, 7, 2, -1, -1, -1], [-1, 8, 2, -1, -1, -1], [-1, 9, 2, -1, -1, -1], [-1, 12, 2, -1, -1, -1], [-1, 15, 2, -1, -1, -1], [-1, 12, -1, 1, -1, -1], [-1, 12, -1, -1, 1, -1], [-1, 9, -1, -1, -1, 0], [-1, 12, -1, -1, -1, 4], [-1, -1, 2, 1, -1, -1], [-1, -1, 2, -1, -1, 0], [-1, -1, 2, -1, -1, 1], [-1, -1, 2, -1, -1, 5], [-1, -1, -1, -1, 1, 0], [1, 9, -1, -1, 1, -1], [2, 7, -1, -1, 1, -1], [2, 8, -1, -1, 1, -1], [2, 15, -1, -1, 1, -1], [1, 12, -1, -1, -1, 2], [2, 15, -1, -1, -1, 0], [1, -1, 2, 4, -1, -1], [2, -1, -1, 1, 1, -1], [1, -1, -1, 4, -1, 0], [2, -1, -1, 4, -1, 0], [2, -1, -1, -1, 1, 5], [-1, 9, -1, -1, 1, 5], [2, 7, -1, 4, -1, 2], [1, 15, -1, -1, 1, 1], [-1, 9, -1, 4, 1, 4], [2, -1, 2, 4, 1, 2]]
60 33 
 [[-1, 10, -1, -1, -1, -1], [-1, 14, -1, -1, -1, -1], [-1, -1, -1, -1, -1, 3], [2, 9, -1, -1, -1, -1], [2, 12, -1, -1, -1, -1], [-1, 7, 2, -1, -1, -1], [-1, 8, 2, -1, -1, -1], [-1, 9, 2, -1, -1, -1], [-1, 12, 2, -1, -1, -1], [-1, 15, 2, -1, -1, -1], [-1, 12, -1, 1, -1, -1], [-1, 12, -1, -1, 1, -1], [-1, 9, -1, -1, -1, 0], [-1, 12, -1, -1, -1, 4], [-1, -1, 2, 1, -1, -1], [-1, -1, 2, -1, -1, 0], [-1, -1, 2, -1, -1, 1], [-1, -1, 2, -1, -1, 5], [-1, -1, -1, -1, 1, 0], [1, 9, -1, -1, 1, -1], [2, 7, -1, -1, 1, -1], [2, 8, -1, -1, 1, -1], [2, 15, -1, -1, 1, -1], [1, 12, -1, -1, -1, 2], [1, -1, 2, 4, -1, -1], [2, -1, -1, 1, 1, -1], [1, -1, -1, 4, -1, 0], [2, -1, -1, 4, -1, 0], [2, -1, -1, -1, 1, 5], [-1, 9, -1, -1, 1, 5], [1, 15, -1, -1, 1, 1], [-1, 9, -1, 4, 1, 4], [2, -1, 2, 4, 1, 2]]
70 31 
 [[-1, 10, -1, -1, -1, -1], [-1, 14, -1, -1, -1, -1], [-1, -1, -1, -1, -1, 3], [2, 9, -1, -1, -1, -1], [2, 12, -1, -1, -1, -1], [-1, 7, 2, -1, -1, -1], [-1, 8, 2, -1, -1, -1], [-1, 9, 2, -1, -1, -1], [-1, 12, 2, -1, -1, -1], [-1, 15, 2, -1, -1, -1], [-1, 12, -1, -1, 1, -1], [-1, 9, -1, -1, -1, 0], [-1, 12, -1, -1, -1, 4], [-1, -1, 2, 1, -1, -1], [-1, -1, 2, -1, -1, 0], [-1, -1, 2, -1, -1, 1], [-1, -1, 2, -1, -1, 5], [-1, -1, -1, -1, 1, 0], [1, 9, -1, -1, 1, -1], [2, 8, -1, -1, 1, -1], [2, 15, -1, -1, 1, -1], [1, 12, -1, -1, -1, 2], [1, -1, 2, 4, -1, -1], [2, -1, -1, 1, 1, -1], [1, -1, -1, 4, -1, 0], [2, -1, -1, 4, -1, 0], [2, -1, -1, -1, 1, 5], [-1, 9, -1, -1, 1, 5], [1, 15, -1, -1, 1, 1], [-1, 9, -1, 4, 1, 4], [2, -1, 2, 4, 1, 2]]
80 30 
 [[-1, 10, -1, -1, -1, -1], [-1, 14, -1, -1, -1, -1], [-1, -1, -1, -1, -1, 3], [2, 9, -1, -1, -1, -1], [2, 12, -1, -1, -1, -1], [-1, 7, 2, -1, -1, -1], [-1, 8, 2, -1, -1, -1], [-1, 9, 2, -1, -1, -1], [-1, 12, 2, -1, -1, -1], [-1, 15, 2, -1, -1, -1], [-1, 12, -1, -1, 1, -1], [-1, 9, -1, -1, -1, 0], [-1, 12, -1, -1, -1, 4], [-1, -1, 2, 1, -1, -1], [-1, -1, 2, -1, -1, 0], [-1, -1, 2, -1, -1, 1], [-1, -1, 2, -1, -1, 5], [-1, -1, -1, -1, 1, 0], [1, 9, -1, -1, 1, -1], [2, 8, -1, -1, 1, -1], [2, 15, -1, -1, 1, -1], [1, 12, -1, -1, -1, 2], [1, -1, 2, 4, -1, -1], [1, -1, -1, 4, -1, 0], [2, -1, -1, 4, -1, 0], [2, -1, -1, -1, 1, 5], [-1, 9, -1, -1, 1, 5], [1, 15, -1, -1, 1, 1], [-1, 9, -1, 4, 1, 4], [2, -1, 2, 4, 1, 2]]
90 30 
 [[-1, 10, -1, -1, -1, -1], [-1, 14, -1, -1, -1, -1], [-1, -1, -1, -1, -1, 3], [2, 9, -1, -1, -1, -1], [2, 12, -1, -1, -1, -1], [-1, 7, 2, -1, -1, -1], [-1, 8, 2, -1, -1, -1], [-1, 9, 2, -1, -1, -1], [-1, 12, 2, -1, -1, -1], [-1, 15, 2, -1, -1, -1], [-1, 12, -1, -1, 1, -1], [-1, 9, -1, -1, -1, 0], [-1, 12, -1, -1, -1, 4], [-1, -1, 2, 1, -1, -1], [-1, -1, 2, -1, -1, 0], [-1, -1, 2, -1, -1, 1], [-1, -1, 2, -1, -1, 5], [-1, -1, -1, -1, 1, 0], [1, 9, -1, -1, 1, -1], [2, 8, -1, -1, 1, -1], [2, 15, -1, -1, 1, -1], [1, 12, -1, -1, -1, 2], [1, -1, 2, 4, -1, -1], [1, -1, -1, 4, -1, 0], [2, -1, -1, 4, -1, 0], [2, -1, -1, -1, 1, 5], [-1, 9, -1, -1, 1, 5], [1, 15, -1, -1, 1, 1], [-1, 9, -1, 4, 1, 4], [2, -1, 2, 4, 1, 2]]
100 28 
 [[-1, 10, -1, -1, -1, -1], [-1, 14, -1, -1, -1, -1], [-1, -1, -1, -1, -1, 3], [2, 9, -1, -1, -1, -1], [2, 12, -1, -1, -1, -1], [-1, 7, 2, -1, -1, -1], [-1, 8, 2, -1, -1, -1], [-1, 9, 2, -1, -1, -1], [-1, 12, 2, -1, -1, -1], [-1, 15, 2, -1, -1, -1], [-1, 12, -1, -1, 1, -1], [-1, 9, -1, -1, -1, 0], [-1, -1, 2, 1, -1, -1], [-1, -1, 2, -1, -1, 0], [-1, -1, 2, -1, -1, 1], [-1, -1, 2, -1, -1, 5], [-1, -1, -1, -1, 1, 0], [1, 9, -1, -1, 1, -1], [2, 15, -1, -1, 1, -1], [1, 12, -1, -1, -1, 2], [1, -1, 2, 4, -1, -1], [1, -1, -1, 4, -1, 0], [2, -1, -1, 4, -1, 0], [2, -1, -1, -1, 1, 5], [-1, 9, -1, -1, 1, 5], [1, 15, -1, -1, 1, 1], [-1, 9, -1, 4, 1, 4], [2, -1, 2, 4, 1, 2]]
