execution time
8000 1.120858907699585 17.607735872268677
10000 2.7908177375793457 41.050790786743164
12000 4.7107319831848145 63.00935697555542
14000 6.889287948608398 87.9371919631958
16000 11.06253695487976 116.95275902748108
18000 15.23783016204834 131.12410497665405
20000 25.51631188392639 189.17168307304382


number of patterns visited
8000 17123.0 356399.0
10000 19399.0 356399.0
12000 21858.0 356399.0
14000 24606.0 356399.0
16000 30737.0 356399.0
18000 37765.0 356399.0
20000 44800.0 356399.0
