overall FPR: 0.15386949924127466
execution time
3 0.08527588844299316 0.07159304618835449
4 0.08996701240539551 0.09866595268249512
5 0.13923096656799316 0.14414095878601074
6 0.39502382278442383 0.6454708576202393
7 0.8412837982177734 3.161525011062622
8 2.1808199882507324 18.287986993789673
9 4.136254072189331 94.32857012748718
10 17.562281847000122
11 56.59910774230957
12 112.13680696487427
13 219.4427981376648
14 405.62644624710083


number of patterns checked
3 71.0 71.0
4 287.0 359.0
5 675.0 1079.0
6 5775.0 11879.0
7 12965.0 71279.0
8 25205.0 356399.0
9 52237.0 1781999.0
10 149446.0
11 371647.0
12 627199.0
13 1125547.0
14 2106567.0


number of patterns found
0 0 
 []
1 0 
 []
2 0 
 []
3 1 
 [[2, -2, -1, 4, -2, 1]]
4 1 
 [[2, -2, -1, 4, -2, 1, -2]]
5 1 
 [[2, -2, -1, 4, -2, 1, -2, -2]]
6 1 
 [[2, -2, -1, 4, -2, 1, -2, -2, -2]]
7 2 
 [[2, -2, -1, 4, -2, 1, -2, -2, -2, -2], [1, -2, -2, 1, 2, -2, -2, -2, -2, 3]]
8 2 
 [[2, -2, -1, 4, -2, 1, -2, -2, -2, -2, -2], [1, -2, -2, 1, 2, -2, -2, -2, -2, 3, -2]]
9 7 
 [[-2, 1, -1, -2, 1, -2, -2, -2, -2, -2, -2, 1], [2, -2, -1, -2, -2, -2, -2, -2, -2, -2, 3, 1], [2, -2, -1, -2, -2, -2, -2, 2, -2, -2, -2, 1], [2, -2, -1, -2, 1, -2, -2, -2, -2, -2, -2, 1], [2, -2, -1, 4, -2, 1, -2, -2, -2, -2, -2, -2], [2, 0, -2, 3, 2, -2, -2, -2, -2, 4, -2, 1], [1, -2, -2, 1, 2, -2, -2, -2, -2, 3, -2, -2]]
10 10 
 [[-2, 1, -1, -2, 1, -2, -2, -2, -2, -2, -2, 1, -2], [-2, 0, -2, 3, -2, -2, -2, -2, 2, 4, 4, -2, 2], [2, -2, -1, -2, -2, -2, -2, -2, -2, -2, 3, 1, -2], [2, -2, -1, -2, -2, -2, -2, 2, -2, -2, -2, 1, -2], [2, -2, -1, -2, 1, -2, -2, -2, -2, -2, -2, 1, -2], [2, -2, -1, 4, -2, 1, -2, -2, -2, -2, -2, -2, -2], [2, 0, -2, 3, 2, -2, -2, -2, -2, 4, -2, 1, -2], [2, 0, -2, 3, 2, -2, -2, -2, 2, 4, -2, -2, 2], [2, 0, -1, -2, -2, -2, -2, -2, -2, -2, -2, 1, 2], [1, -2, -2, 1, 2, -2, -2, -2, -2, 3, -2, -2, -2]]
11 10 
 [[-2, 1, -1, -2, 1, -2, -2, -2, -2, -2, -2, 1, -2, -2], [-2, 0, -2, 3, -2, -2, -2, -2, 2, 4, 4, -2, 2, -2], [2, -2, -1, -2, -2, -2, -2, -2, -2, -2, 3, 1, -2, -2], [2, -2, -1, -2, -2, -2, -2, 2, -2, -2, -2, 1, -2, -2], [2, -2, -1, -2, 1, -2, -2, -2, -2, -2, -2, 1, -2, -2], [2, -2, -1, 4, -2, 1, -2, -2, -2, -2, -2, -2, -2, -2], [2, 0, -2, 3, 2, -2, -2, -2, -2, 4, -2, 1, -2, -2], [2, 0, -2, 3, 2, -2, -2, -2, 2, 4, -2, -2, 2, -2], [2, 0, -1, -2, -2, -2, -2, -2, -2, -2, -2, 1, 2, -2], [1, -2, -2, 1, 2, -2, -2, -2, -2, 3, -2, -2, -2, -2]]
