overall FPR: 0.15386949924127466
execution time
0.05 1.3220179080963135
0.1 1.4041547775268555
0.15 1.4183399677276611
0.2 1.4142200946807861
0.25 1.4159092903137207
0.3 1.4158122539520264


number of calculations
0.05 22935.0
0.1 24848.0
0.15 25157.0
0.2 25205.0
0.25 25218.0
0.3 25218.0


number of patterns found
0.05 72 
 [[-2, -2, -2, -2, -2, 5, 3, -2], [-2, -2, -2, -2, 2, -2, 3, -2], [-2, -2, -2, 4, 1, -2, -2, 4], [-2, -2, -2, 3, -2, -2, 3, -2], [-2, -2, -2, 2, 1, 1, -2, 4], [-2, -2, -2, 1, -2, -2, 1, -2], [-2, -2, -2, 1, -2, 3, -2, -2], [-2, -2, -2, 1, -2, 2, -2, -2], [-2, -2, -2, 1, 2, -2, -2, 2], [-2, -2, -2, 1, 2, 5, -2, -2], [-2, -2, 2, -2, 2, 1, -2, 2], [-2, -2, 1, -2, -2, -2, 3, -2], [-2, -2, 1, 4, -2, -2, 1, -2], [-2, -2, 1, 1, -2, 5, -2, -2], [-2, -2, 1, 1, 2, -2, -2, -2], [-2, -2, -1, -2, -2, -2, -2, 4], [-2, -2, -1, -2, -2, 3, -2, -2], [-2, -2, -1, -2, 1, 1, -2, -2], [-2, -2, -1, 4, -2, -2, -1, 2], [-2, -2, -1, 4, -2, 1, -2, -2], [-2, -2, -1, 3, -2, 5, -1, -2], [-2, -2, -1, 3, 1, 5, -2, -2], [-2, 1, -2, -2, -2, -2, 3, -2], [-2, 1, -2, -2, 2, -2, 1, -2], [-2, 1, -2, 4, -2, 1, -2, -2], [-2, 1, -2, 4, 2, 5, -2, -2], [-2, 1, -2, 4, 1, -2, -1, -2], [-2, 1, -2, 3, 1, 5, -2, 2], [-2, 1, -2, 3, 1, 5, -1, -2], [-2, 1, -2, 2, 1, 5, -2, 2], [-2, 1, -2, 2, 1, 5, -1, -2], [-2, 1, -2, 1, -2, -2, -2, 2], [-2, 1, -2, 1, -2, 5, -2, -2], [-2, 1, -2, 1, 2, -2, -2, -2], [-2, 1, 2, -2, 1, -2, -2, -2], [-2, 1, -1, -2, -2, 5, -2, -2], [-2, 1, -1, -2, -2, 1, -2, -2], [-2, 1, -1, -2, 1, -2, -2, 2], [-2, 1, -1, 4, -2, -2, -2, -2], [-2, 0, -2, -2, 1, 3, -2, 2], [-2, 0, -2, 3, 2, 1, -2, 4], [-2, 0, 2, 3, 2, -2, -2, -2], [-2, 0, 1, -2, 1, -2, 1, -2], [-2, 0, 1, 2, 1, 5, -1, -2], [-2, 0, 1, 1, -2, -2, -2, 4], [-2, 0, -1, -2, 2, 5, -1, -2], [2, -2, -2, 4, 1, 1, -2, -2], [2, -2, -2, 1, -2, -2, -2, 2], [2, -2, -1, -2, -2, -2, -2, -2], [2, 1, -2, 4, 1, -2, -2, -2], [2, 0, -2, 1, -2, -2, -2, -2], [1, -2, -2, 1, 2, -2, -2, -2], [1, -2, -1, 4, -2, -2, -2, -2], [1, 1, -2, -2, 2, 5, -2, -2], [1, 1, -2, 2, 2, 1, -2, -2], [1, 1, 1, 3, 1, 1, -2, -2], [1, 1, 1, 1, -2, -2, -2, -2], [1, 1, -1, -2, -2, -2, -2, -2], [0, -2, -2, 2, 1, -2, -1, 2], [0, -2, -2, 2, 1, 5, -1, -2], [0, -2, 1, 2, 1, -2, -1, -2], [0, -2, 1, 1, -2, -2, -2, -2], [0, -2, -1, -2, -2, 1, -2, -2], [0, -2, -1, 3, -2, -2, -1, 2], [0, -2, -1, 3, 1, -2, -2, 2], [0, 1, -2, -2, 1, 5, -2, -2], [0, 1, -2, 4, 2, -2, -2, -2], [0, 1, -2, 3, -2, 5, -1, -2], [0, 1, -2, 2, 1, -2, -2, 2], [0, 1, 1, -2, 2, 5, -2, -2], [0, 1, -1, -2, -2, -2, -2, 2], [0, 0, 1, 2, -2, -2, -2, -2]]
0.1 31 
 [[-2, -2, -2, 3, 1, -2, 3, -2], [-2, -2, -2, 1, -2, 3, -2, 2], [-2, -2, 1, -2, 2, -2, 3, -2], [-2, -2, 1, 1, 2, 5, -2, 2], [-2, -2, -1, -2, -2, 3, -2, -2], [-2, -2, -1, -2, -2, 1, -2, 4], [-2, -2, -1, -2, 1, -2, -2, 4], [-2, -2, -1, 4, -2, 1, -2, -2], [-2, 1, -2, 4, 1, -2, -2, 4], [-2, 1, -2, 1, 2, -2, -2, 2], [-2, 1, -1, -2, -2, -2, -2, 4], [-2, 1, -1, -2, 1, 5, -2, -2], [-2, 0, 1, 3, -2, 5, 3, -2], [-2, 0, -1, 4, 2, -2, -1, 2], [2, -2, -1, -2, 2, -2, -2, 2], [2, -2, -1, -2, 1, 1, -2, -2], [2, -2, -1, 4, -2, -2, -2, -2], [2, 1, -2, 4, 1, 1, -2, -2], [2, 1, -1, -2, -2, 1, -2, -2], [2, 1, -1, -2, 1, -2, -2, -2], [2, 0, -1, -2, -2, -2, -2, 2], [2, 0, -1, -2, 2, -2, -2, -2], [2, 0, -1, 3, -2, -2, -2, -2], [1, -2, 1, 1, 2, -2, -2, -2], [1, -2, -1, 4, -2, -2, -2, -2], [0, -2, -2, 2, 1, 5, -1, -2], [0, -2, 1, 1, 2, 5, -2, -2], [0, 1, -2, -2, 1, 5, -1, -2], [0, 1, -2, 1, -2, -2, -2, 2], [0, 1, -2, 1, -2, 5, -2, -2], [0, 1, -1, -2, 1, -2, -2, 2]]
0.15 3 
 [[-2, -2, -1, -2, 1, 1, -2, 4], [-2, -2, -1, 4, -2, 1, -2, -2], [0, 1, -1, -2, 1, 5, -2, -2]]
0.2 1 
 [[2, -2, -1, 4, -2, 1, -2, -2]]
0.25 0 
 []
0.3 0 
 []
