overall FPR: 0.15386949924127466
execution time
10 2.583204746246338
20 2.119626045227051
30 1.8536908626556396
40 1.6505250930786133
50 1.5131490230560303
60 1.4014248847961426
70 1.2558441162109375
80 1.2318930625915527
90 1.1288039684295654
100 1.0574371814727783


number of calculations
10 45265.0
20 36932.0
30 31552.0
40 27961.0
50 25205.0
60 23345.0
70 21507.0
80 20246.0
90 18879.0
100 17703.0


number of patterns found
10 52 
 [[-2, -2, -2, 1, -2, -2, 2, -2], [-2, -2, 2, -2, 1, 3, -2, 2], [-2, -2, 2, 4, 1, 3, -2, -2], [-2, -2, 1, 2, 2, -2, 3, -2], [-2, -2, 1, 2, 2, 3, -2, 4], [-2, -2, 1, 1, 2, 4, -2, -2], [-2, -2, 0, 1, -2, -2, -1, 2], [-2, -2, -1, 4, -2, 1, -2, 4], [-2, -2, -1, 4, 1, -2, -2, 4], [-2, -2, -1, 1, -2, 3, -2, -2], [-2, 1, -2, 4, 2, -2, 1, -2], [-2, 1, -2, 1, -2, 5, 3, -2], [-2, 1, -2, 1, 2, 3, -2, 2], [-2, 1, 2, 4, -2, 1, -2, 2], [-2, 1, 2, 4, 2, -2, -2, 2], [-2, 1, 2, 1, -2, 5, -2, -2], [-2, 1, 1, -2, 2, -2, 3, -2], [-2, 1, 1, 4, -2, -2, 1, -2], [-2, 1, -1, -2, -2, 1, -2, 4], [-2, 1, -1, -2, 2, 3, -2, -2], [-2, 1, -1, -2, 1, -2, -2, 4], [-2, 1, -1, -2, 1, -2, 3, -2], [-2, 1, -1, 4, -2, -2, -2, 4], [-2, 1, -1, 4, -2, 1, -2, -2], [-2, 1, -1, 3, 1, 5, -1, -2], [-2, 0, -2, 1, 2, 2, -2, -2], [-2, 0, 0, -2, -2, 1, -2, 4], [-2, 0, 0, 1, -2, -2, -2, 2], [-2, 0, -1, 4, 2, 1, -2, -2], [2, -2, 0, 3, -2, 1, -2, -2], [2, -2, 0, 3, 2, -2, -2, -2], [2, -2, -1, -2, -2, 3, -2, 2], [2, -2, -1, -2, 2, 5, -2, 2], [2, -2, -1, 4, -2, 1, -2, -2], [2, -2, -1, 3, -2, 3, -2, -2], [2, -2, -1, 1, 1, -2, -2, 2], [2, 1, -1, 4, -2, -2, -2, -2], [2, 0, -2, 1, -2, 3, -2, 2], [2, 0, -2, 1, -2, 2, -2, -2], [2, 0, 0, -2, -2, 1, -2, -2], [2, 0, -1, -2, 2, 5, -2, -2], [2, 0, -1, 3, -2, -2, -2, 2], [1, -2, -1, 4, 2, 5, -2, -2], [1, -2, -1, 4, 2, 1, -2, -2], [1, 1, -2, 1, 2, 5, -2, -2], [1, 1, -1, -2, -2, 3, -2, -2], [1, 1, -1, -2, 2, 5, -2, -2], [0, 1, 2, -2, 1, 5, -2, -2], [0, 1, 1, 4, 2, 5, -2, -2], [0, 1, 1, 1, 2, -2, -2, -2], [0, 1, -1, -2, 2, 1, -2, 2], [0, 1, -1, 3, -2, 1, -2, 2]]
20 10 
 [[-2, -2, -1, 4, -2, 1, -2, 4], [-2, -2, -1, 4, 1, -2, -2, 4], [-2, 1, 1, -2, 2, -2, 3, -2], [-2, 1, -1, -2, -2, 1, -2, 4], [-2, 1, -1, -2, 1, -2, -2, 4], [-2, 1, -1, 4, -2, 1, -2, -2], [-2, 0, -1, 4, 2, 1, -2, -2], [2, -2, -1, 4, -2, 1, -2, -2], [2, 1, -1, 4, -2, -2, -2, -2], [2, 0, -1, 3, -2, -2, -2, 2]]
30 4 
 [[-2, 1, -1, -2, -2, 1, -2, 4], [-2, 1, -1, -2, 1, -2, -2, 4], [-2, 0, -1, 4, 2, 1, -2, -2], [2, -2, -1, 4, -2, 1, -2, -2]]
40 1 
 [[2, -2, -1, 4, -2, 1, -2, -2]]
50 1 
 [[2, -2, -1, 4, -2, 1, -2, -2]]
60 0 
 []
70 0 
 []
80 0 
 []
90 0 
 []
100 0 
 []
