overall FPR: 0.15386949924127466
execution time
10 18.69231390953064
20 17.075719118118286
30 16.845298051834106
40 20.653827905654907
50 15.594690799713135
60 16.143715143203735
70 15.357258081436157
80 15.23232913017273
90 19.92819619178772
100 17.96924614906311


number of calculations
10 356399.0
20 356399.0
30 356399.0
40 356399.0
50 356399.0
60 356399.0
70 356399.0
80 356399.0
90 356399.0
100 356399.0


number of patterns found
10 52 
 [[-2, -2, -2, 1, -2, -2, 2, -2], [-2, -2, -1, 1, -2, 3, -2, -2], [2, 1, -1, 4, -2, -2, -2, -2], [1, 1, -1, -2, -2, 3, -2, -2], [2, 0, 0, -2, -2, 1, -2, -2], [2, 0, -2, 1, -2, 2, -2, -2], [2, -2, 0, 3, 2, -2, -2, -2], [2, -2, -1, 3, -2, 3, -2, -2], [2, -2, -1, 4, -2, 1, -2, -2], [2, -2, 0, 3, -2, 1, -2, -2], [2, -2, -1, -2, -2, 3, -2, 2], [-2, 1, -1, 4, -2, 1, -2, -2], [-2, 1, 2, 1, -2, 5, -2, -2], [-2, 1, 1, 4, -2, -2, 1, -2], [-2, 0, 0, 1, -2, -2, -2, 2], [-2, 1, -1, 4, -2, -2, -2, 4], [-2, 1, -1, -2, 2, 3, -2, -2], [-2, 1, -1, -2, 1, -2, 3, -2], [-2, 1, 1, -2, 2, -2, 3, -2], [-2, 1, -1, -2, 1, -2, -2, 4], [-2, 0, 0, -2, -2, 1, -2, 4], [-2, 1, -1, -2, -2, 1, -2, 4], [-2, 0, -2, 1, 2, 2, -2, -2], [-2, 1, -2, 4, 2, -2, 1, -2], [-2, 1, -2, 1, -2, 5, 3, -2], [-2, -2, 1, 1, 2, 4, -2, -2], [-2, -2, 2, 4, 1, 3, -2, -2], [-2, -2, 1, 2, 2, -2, 3, -2], [-2, -2, -1, 4, 1, -2, -2, 4], [-2, -2, -1, 4, -2, 1, -2, 4], [-2, -2, 0, 1, -2, -2, -1, 2], [-2, -2, 2, -2, 1, 3, -2, 2], [0, 1, 1, 1, 2, -2, -2, -2], [2, 0, -1, 3, -2, -2, -2, 2], [0, 1, 2, -2, 1, 5, -2, -2], [1, 1, -1, -2, 2, 5, -2, -2], [2, 0, -1, -2, 2, 5, -2, -2], [1, 1, -2, 1, 2, 5, -2, -2], [2, 0, -2, 1, -2, 3, -2, 2], [1, -2, -1, 4, 2, 1, -2, -2], [1, -2, -1, 4, 2, 5, -2, -2], [2, -2, -1, 1, 1, -2, -2, 2], [2, -2, -1, -2, 2, 5, -2, 2], [-2, 0, -1, 4, 2, 1, -2, -2], [-2, 1, 2, 4, 2, -2, -2, 2], [-2, 1, 2, 4, -2, 1, -2, 2], [-2, 1, -2, 1, 2, 3, -2, 2], [-2, -2, 1, 2, 2, 3, -2, 4], [0, 1, 1, 4, 2, 5, -2, -2], [0, 1, -1, 3, -2, 1, -2, 2], [0, 1, -1, -2, 2, 1, -2, 2], [-2, 1, -1, 3, 1, 5, -1, -2]]
20 10 
 [[2, 1, -1, 4, -2, -2, -2, -2], [2, -2, -1, 4, -2, 1, -2, -2], [-2, 1, -1, 4, -2, 1, -2, -2], [-2, 1, 1, -2, 2, -2, 3, -2], [-2, 1, -1, -2, 1, -2, -2, 4], [-2, 1, -1, -2, -2, 1, -2, 4], [-2, -2, -1, 4, 1, -2, -2, 4], [-2, -2, -1, 4, -2, 1, -2, 4], [2, 0, -1, 3, -2, -2, -2, 2], [-2, 0, -1, 4, 2, 1, -2, -2]]
30 4 
 [[2, -2, -1, 4, -2, 1, -2, -2], [-2, 1, -1, -2, 1, -2, -2, 4], [-2, 1, -1, -2, -2, 1, -2, 4], [-2, 0, -1, 4, 2, 1, -2, -2]]
40 1 
 [[2, -2, -1, 4, -2, 1, -2, -2]]
50 1 
 [[2, -2, -1, 4, -2, 1, -2, -2]]
60 0 
 []
70 0 
 []
80 0 
 []
90 0 
 []
100 0 
 []
