execution time
50000 1.2667570114135742 15.10501503944397
55000 1.8952460289001465 20.265094995498657
60000 2.71764874458313 25.722786903381348
65000 3.9747660160064697 31.830745935440063
70000 5.715008020401001 38.10394906997681
75000 6.824297904968262 40.246532917022705
80000 9.280894756317139 45.72056722640991
85000 9.538619041442871 47.4455509185791
90000 10.929916143417358 50.191006898880005
95000 12.512197256088257 53.41219091415405
100000 14.099200010299683 56.06263017654419


number of patterns visited
50000 6812 78335
55000 8119 78335
60000 9389 78335
65000 11084 78335
70000 13279 78335
75000 14712 78335
80000 16299 78335
85000 17877 78335
90000 18913 78335
95000 20477 78335
100000 22020 78335


overall accuracy and delta fairness value
0.77976 0.57976
0.7519272727272728 0.5519272727272728
0.7326666666666667 0.5326666666666666
0.7137538461538462 0.5137538461538462
0.7016571428571429 0.5016571428571428
0.6856533333333333 0.4856533333333333
0.6735249999999999 0.4735249999999999
0.6620235294117647 0.46202352941176467
0.6536888888888889 0.45368888888888886
0.6482526315789474 0.4482526315789474
0.64002 0.44002
