overall accuracy: 0.808058024855159
execution time
6 0.710474967956543 8.085184097290039


number of patterns checked
6 5372.0 78335.0


number of patterns found
0 45 
 [[-1, 15, -1, 4, 1, 1], [-1, 15, 2, -1, -1, 5], [-1, 15, 2, -1, -1, 1], [-1, 12, -1, 1, -1, -1], [-1, 12, 2, 4, -1, 5], [-1, 11, 2, -1, -1, 3], [-1, 11, 2, -1, -1, 0], [-1, 11, 2, 4, -1, 5], [-1, 11, 2, 4, 0, 2], [-1, 10, -1, -1, 0, -1], [-1, 10, 4, -1, -1, -1], [-1, 9, 2, -1, -1, 5], [-1, 9, 2, -1, -1, 0], [-1, 9, 2, -1, 1, 1], [-1, 9, 2, 1, -1, -1], [-1, 8, -1, -1, 1, 1], [-1, 8, -1, 4, -1, 1], [-1, 8, 2, -1, 1, -1], [-1, 7, 2, -1, -1, -1], [2, 11, -1, -1, 1, 3], [2, 11, 2, -1, 0, -1], [2, 11, 2, 4, -1, 2], [2, 8, -1, 4, 1, -1], [2, 8, 2, 4, -1, -1], [2, 7, -1, -1, 1, -1], [1, -1, 2, 4, 1, 1], [1, 15, -1, -1, 1, 1], [1, 15, 2, 4, 1, 2], [1, 15, 2, 2, -1, -1], [1, 12, 4, 4, -1, 2], [1, 12, 4, 4, 1, -1], [1, 11, -1, -1, 1, 0], [1, 11, -1, 4, -1, 0], [1, 11, 2, -1, 0, 2], [1, 11, 2, 4, -1, 1], [1, 11, 2, 4, 0, -1], [1, 9, -1, -1, -1, 0], [1, 9, 2, -1, 1, 4], [1, 9, 2, 4, -1, 4], [1, 8, -1, -1, -1, 1], [1, 8, 2, -1, -1, -1], [0, -1, 2, -1, -1, 5], [0, -1, 2, -1, 1, 1], [0, 12, 2, -1, -1, -1], [0, 9, 2, -1, -1, -1]]
