overall accuracy: 0.808058024855159
execution time
0.05 0.39445996284484863
0.1 0.48146891593933105
0.15 0.49776506423950195
0.2 0.5345559120178223
0.25 0.5061111450195312
0.3 0.4857029914855957


number of calculations
0.05 3037.0
0.1 4430.0
0.15 4931.0
0.2 5371.0
0.25 5186.0
0.3 5045.0


number of patterns found
0.05 23 
 [[-2, -2, -2, -2, -2, 4], [-2, -2, -2, -2, -2, 3], [-2, -2, -2, -2, -2, 1], [-2, -2, -2, -2, -2, 0], [-2, -2, -2, -2, 1, 5], [-2, -2, -2, 1, 1, -2], [-2, -2, 6, -2, 1, -2], [-2, -2, 2, -2, -2, -2], [-2, 15, -2, -2, 1, -2], [-2, 12, -2, -2, -2, -2], [-2, 10, -2, -2, -2, -2], [-2, 9, -2, -2, -2, -2], [-2, 8, -2, -2, 1, -2], [-2, 8, -2, 4, -2, -2], [-2, 7, -2, -2, 1, -2], [-2, 7, -2, 4, -2, -2], [2, -2, -2, -2, -2, -2], [1, -2, -2, -2, 1, -2], [1, -2, -2, 4, -2, -2], [1, -2, -2, 1, -2, -2], [1, 15, -2, -2, -2, -2], [1, 8, -2, -2, -2, -2], [1, 7, -2, -2, -2, -2]]
0.1 53 
 [[-2, -2, -2, -2, 1, 3], [-2, -2, -2, -2, 1, 1], [-2, -2, -2, -2, 1, 0], [-2, -2, -2, 4, 1, 5], [-2, -2, -2, 2, -2, 4], [-2, -2, 6, -2, 1, -2], [-2, -2, 2, -2, -2, -2], [-2, 15, -2, -2, 1, 4], [-2, 15, -2, 4, -2, 1], [-2, 12, -2, -2, 1, 4], [-2, 12, -2, 4, -2, 5], [-2, 12, -2, 1, -2, -2], [-2, 12, 4, -2, 1, 2], [-2, 11, -2, -2, -2, 3], [-2, 11, -2, -2, 1, 5], [-2, 11, -2, 4, -2, 0], [-2, 10, -2, -2, -2, -2], [-2, 9, -2, -2, -2, 4], [-2, 9, -2, -2, -2, 0], [-2, 9, -2, -2, 1, 5], [-2, 9, -2, 4, -2, 1], [-2, 9, -2, 2, 1, -2], [-2, 9, -2, 1, 1, -2], [-2, 9, 0, -2, 1, -2], [-2, 8, -2, -2, -2, 1], [-2, 8, -2, -2, 1, -2], [-2, 7, -2, -2, -2, 4], [-2, 7, -2, -2, -2, 1], [-2, 7, -2, -2, 1, -2], [2, -2, -2, -2, -2, 5], [2, -2, -2, -2, -2, 3], [2, -2, -2, -2, 1, -2], [2, -2, -2, 4, -2, 1], [2, -2, -2, 4, -2, 0], [2, -2, -2, 1, -2, -2], [2, 15, -2, -2, -2, 4], [2, 15, -2, -2, -2, 1], [2, 12, -2, -2, -2, -2], [2, 9, -2, -2, -2, -2], [2, 7, -2, -2, -2, -2], [1, -2, -2, -2, -2, 0], [1, -2, -2, -2, 1, 5], [1, -2, -2, 4, -2, 1], [1, -2, -2, 1, 1, -2], [1, 15, -2, -2, -2, 4], [1, 15, -2, -2, -2, 3], [1, 15, -2, -2, 1, -2], [1, 12, 4, -2, -2, 2], [1, 12, 4, -2, 1, -2], [1, 9, -2, -2, -2, -2], [1, 8, -2, 4, -2, -2], [1, 7, -2, 4, -2, -2], [0, 12, -2, -2, 1, 2]]
0.15 48 
 [[-2, -2, 2, -2, -2, 5], [-2, -2, 2, -2, -2, 1], [-2, -2, 2, -2, -2, 0], [-2, -2, 2, 2, 0, -2], [-2, -2, 2, 1, -2, -2], [-2, 15, -2, -2, 1, 1], [-2, 15, 2, -2, -2, -2], [-2, 12, -2, 1, -2, -2], [-2, 11, -2, -2, 1, 3], [-2, 11, -2, 4, 1, 0], [-2, 11, 2, -2, -2, 3], [-2, 11, 2, -2, 0, -2], [-2, 10, -2, -2, -2, -2], [-2, 9, -2, -2, -2, 0], [-2, 9, -2, -2, 1, 5], [-2, 9, -2, -2, 1, 1], [-2, 9, 2, -2, -2, 4], [-2, 9, 2, -2, 0, -2], [-2, 9, 2, 2, -2, -2], [-2, 8, -2, -2, -2, 1], [-2, 8, 2, -2, -2, -2], [-2, 7, 2, -2, -2, -2], [2, -2, -2, -2, 1, 5], [2, -2, -2, 4, 1, 0], [2, -2, -2, 1, 1, -2], [2, -2, 2, -2, 0, -2], [2, 15, -2, -2, 1, -2], [2, 12, -2, -2, -2, 1], [2, 12, 0, -2, -2, -2], [2, 11, -2, -2, -2, 3], [2, 11, 2, -2, -2, -2], [2, 9, -2, -2, -2, 1], [2, 9, 0, -2, -2, -2], [2, 8, -2, -2, 1, -2], [2, 7, -2, -2, -2, -2], [1, -2, -2, 4, 1, 1], [1, -2, 2, -2, 0, 4], [1, -2, 2, -2, 0, 2], [1, 12, 4, -2, -2, 2], [1, 12, 4, -2, 1, -2], [1, 11, -2, -2, -2, 3], [1, 11, -2, -2, -2, 0], [1, 11, 2, -2, -2, -2], [1, 9, -2, -2, 1, 4], [1, 8, -2, -2, 1, -2], [1, 7, -2, -2, 1, -2], [0, 12, 2, -2, -2, -2], [0, 9, 2, -2, -2, -2]]
0.2 45 
 [[-2, 15, -2, 4, 1, 1], [-2, 15, 2, -2, -2, 5], [-2, 15, 2, -2, -2, 1], [-2, 12, -2, 1, -2, -2], [-2, 12, 2, 4, -2, 5], [-2, 11, 2, -2, -2, 3], [-2, 11, 2, -2, -2, 0], [-2, 11, 2, 4, -2, 5], [-2, 11, 2, 4, 0, 2], [-2, 10, -2, -2, 0, -2], [-2, 10, 4, -2, -2, -2], [-2, 9, 2, -2, -2, 5], [-2, 9, 2, -2, -2, 0], [-2, 9, 2, -2, 1, 1], [-2, 9, 2, 1, -2, -2], [-2, 8, -2, -2, 1, 1], [-2, 8, -2, 4, -2, 1], [-2, 8, 2, -2, 1, -2], [-2, 7, 2, -2, -2, -2], [2, 11, -2, -2, 1, 3], [2, 11, 2, -2, 0, -2], [2, 11, 2, 4, -2, 2], [2, 8, -2, 4, 1, -2], [2, 8, 2, 4, -2, -2], [2, 7, -2, -2, 1, -2], [1, -2, 2, 4, 1, 1], [1, 15, -2, -2, 1, 1], [1, 15, 2, 4, 1, 2], [1, 15, 2, 2, -2, -2], [1, 12, 4, 4, -2, 2], [1, 12, 4, 4, 1, -2], [1, 11, -2, -2, 1, 0], [1, 11, -2, 4, -2, 0], [1, 11, 2, -2, 0, 2], [1, 11, 2, 4, -2, 1], [1, 11, 2, 4, 0, -2], [1, 9, -2, -2, -2, 0], [1, 9, 2, -2, 1, 4], [1, 9, 2, 4, -2, 4], [1, 8, -2, -2, -2, 1], [1, 8, 2, -2, -2, -2], [0, -2, 2, -2, -2, 5], [0, -2, 2, -2, 1, 1], [0, 12, 2, -2, -2, -2], [0, 9, 2, -2, -2, -2]]
0.25 18 
 [[-2, 15, 2, -2, 1, 1], [-2, 15, 2, 4, -2, 1], [-2, 11, 2, 4, -2, 0], [-2, 10, -2, 4, 0, -2], [-2, 10, 4, -2, -2, -2], [-2, 9, 2, 4, 1, 5], [-2, 9, 2, 1, -2, 2], [2, 11, 2, -2, 0, -2], [2, 8, 2, 4, 1, -2], [2, 7, 2, -2, -2, -2], [1, 15, -2, 4, 1, 1], [1, 11, -2, -2, 1, 0], [1, 11, 2, -2, -2, 0], [1, 8, 2, -2, 1, 2], [1, 7, 2, -2, -2, -2], [0, -2, 2, -2, -2, 5], [0, 12, 2, -2, -2, -2], [0, 9, 2, -2, 0, -2]]
0.3 3 
 [[-2, 15, 2, 4, 1, 1], [-2, 10, 4, -2, -2, -2], [1, 11, 2, -2, -2, 0]]
