overall accuracy: 0.808058024855159
execution time
10 0.997387170791626
20 0.798271894454956
30 0.61606764793396
40 0.5562171936035156
50 0.49570608139038086
60 0.47269773483276367
70 0.4381880760192871
80 0.418503999710083
90 0.4027547836303711
100 0.3842959403991699


number of calculations
10 11427.0
20 8331.0
30 7075.0
40 6150.0
50 5371.0
60 4883.0
70 4431.0
80 4072.0
90 3803.0
100 3525.0


number of patterns found
10 135 
 [[-2, -2, -2, 2, -2, 3], [-2, -2, -2, 1, -2, 4], [-2, -2, -2, 1, 1, 1], [-2, -2, 2, -2, 0, 0], [-2, -2, 2, 2, -2, 4], [-2, -2, 2, 2, 0, 1], [-2, -2, 2, 1, -2, 1], [-2, -2, 1, -2, 0, -2], [-2, 15, -2, 4, 1, 1], [-2, 15, 2, -2, -2, 5], [-2, 15, 2, -2, -2, 1], [-2, 15, 2, -2, 0, 4], [-2, 15, 2, 3, -2, 2], [-2, 15, 2, 2, 0, -2], [-2, 15, 2, 1, 1, 2], [-2, 12, -2, 1, -2, -2], [-2, 12, 4, -2, 1, 4], [-2, 12, 3, -2, -2, -2], [-2, 12, 2, 4, -2, 5], [-2, 12, 0, 2, -2, -2], [-2, 11, 2, -2, -2, 3], [-2, 11, 2, -2, -2, 0], [-2, 11, 2, -2, 0, 1], [-2, 11, 2, 4, -2, 5], [-2, 11, 2, 4, 0, 2], [-2, 10, -2, -2, -2, 4], [-2, 10, -2, -2, -2, 3], [-2, 10, -2, -2, -2, 1], [-2, 10, -2, -2, 0, -2], [-2, 10, -2, 1, -2, -2], [-2, 10, 4, -2, -2, -2], [-2, 10, 0, -2, -2, -2], [-2, 9, -2, 1, -2, 0], [-2, 9, 6, -2, 1, -2], [-2, 9, 4, 4, 1, 0], [-2, 9, 3, -2, 1, -2], [-2, 9, 2, -2, -2, 5], [-2, 9, 2, -2, -2, 0], [-2, 9, 2, -2, 1, 1], [-2, 9, 2, -2, 0, 4], [-2, 9, 2, 1, -2, -2], [-2, 9, 0, 2, -2, -2], [-2, 9, 0, 1, -2, 2], [-2, 8, -2, -2, 1, 5], [-2, 8, -2, -2, 1, 1], [-2, 8, -2, 4, -2, 1], [-2, 8, 2, -2, -2, 5], [-2, 8, 2, -2, -2, 1], [-2, 8, 2, -2, 1, -2], [-2, 8, 2, 1, -2, -2], [-2, 7, -2, -2, 1, 4], [-2, 7, -2, -2, 0, 0], [-2, 7, 2, -2, -2, -2], [-2, 6, 2, 2, -2, -2], [-2, 0, 2, 2, -2, -2], [2, -2, -2, 1, -2, 1], [2, -2, 4, -2, -2, 5], [2, -2, 2, -2, 0, 1], [2, -2, 2, 2, 0, -2], [2, 15, -2, -2, 1, 5], [2, 15, -2, -2, 1, 1], [2, 15, 4, 4, 1, 2], [2, 15, 2, -2, 1, 0], [2, 15, 2, 4, -2, 0], [2, 15, 2, 2, -2, -2], [2, 12, -2, -2, -2, 5], [2, 12, 2, 4, 1, 1], [2, 12, 0, -2, -2, 1], [2, 11, -2, -2, 1, 5], [2, 11, -2, -2, 1, 3], [2, 11, -2, 1, -2, -2], [2, 11, 2, -2, -2, 5], [2, 11, 2, -2, 0, -2], [2, 11, 2, 4, -2, 2], [2, 10, -2, -2, 1, 2], [2, 9, -2, -2, -2, 5], [2, 9, -2, -2, 1, 1], [2, 9, -2, -2, 1, 0], [2, 9, -2, 4, -2, 1], [2, 9, -2, 2, -2, -2], [2, 9, -2, 1, -2, -2], [2, 9, 2, -2, -2, 1], [2, 9, 2, 4, 0, -2], [2, 9, 0, -2, 1, 2], [2, 8, -2, -2, 1, 4], [2, 8, -2, 4, 1, -2], [2, 8, 2, 4, -2, -2], [2, 7, -2, -2, -2, 1], [2, 7, -2, -2, 1, -2], [1, -2, -2, 2, 0, 4], [1, -2, -2, 1, -2, 0], [1, -2, 6, -2, 1, -2], [1, -2, 2, 4, 1, 1], [1, -2, 2, 2, -2, 0], [1, 15, -2, -2, 1, 1], [1, 15, 6, -2, -2, 2], [1, 15, 2, 4, 1, 2], [1, 15, 2, 2, -2, -2], [1, 12, 4, -2, 1, 2], [1, 12, 4, 4, -2, 2], [1, 12, 4, 4, 1, -2], [1, 12, 2, -2, 0, 1], [1, 12, 2, 2, -2, -2], [1, 11, -2, -2, 1, 0], [1, 11, -2, 4, -2, 0], [1, 11, 2, -2, 0, 2], [1, 11, 2, 4, -2, 1], [1, 11, 2, 4, 0, -2], [1, 11, 2, 0, -2, 2], [1, 9, -2, -2, -2, 0], [1, 9, -2, 3, -2, -2], [1, 9, 6, 4, -2, -2], [1, 9, 4, -2, -2, 1], [1, 9, 3, -2, 0, 2], [1, 9, 2, -2, 1, 4], [1, 9, 2, 4, -2, 4], [1, 8, -2, -2, -2, 5], [1, 8, -2, -2, -2, 1], [1, 8, -2, 1, -2, -2], [1, 8, 2, -2, -2, -2], [1, 7, -2, -2, -2, 4], [1, 4, -2, -2, 1, 4], [1, 4, 2, -2, -2, 4], [0, -2, 2, -2, -2, 5], [0, -2, 2, -2, 1, 1], [0, -2, 2, -2, 0, 4], [0, -2, 2, 1, -2, -2], [0, 15, 2, -2, -2, 4], [0, 14, -2, 4, 1, -2], [0, 14, 4, -2, 1, 2], [0, 14, 2, 4, -2, -2], [0, 12, 2, -2, -2, -2], [0, 10, -2, -2, -2, -2], [0, 9, 2, -2, -2, -2], [0, 2, 2, 4, -2, -2]]
20 92 
 [[-2, -2, -2, 1, -2, 4], [-2, -2, -2, 1, 1, 1], [-2, -2, 2, -2, 0, 0], [-2, -2, 2, 2, -2, 4], [-2, 15, -2, 4, 1, 1], [-2, 15, 2, -2, -2, 5], [-2, 15, 2, -2, -2, 1], [-2, 15, 2, -2, 0, 4], [-2, 15, 2, 1, 1, 2], [-2, 12, -2, 1, -2, -2], [-2, 12, 2, 4, -2, 5], [-2, 11, 2, -2, -2, 3], [-2, 11, 2, -2, -2, 0], [-2, 11, 2, 4, -2, 5], [-2, 11, 2, 4, 0, 2], [-2, 10, -2, -2, -2, 4], [-2, 10, -2, -2, -2, 3], [-2, 10, -2, -2, 0, -2], [-2, 10, -2, 1, -2, -2], [-2, 10, 4, -2, -2, -2], [-2, 10, 0, -2, -2, -2], [-2, 9, 2, -2, -2, 5], [-2, 9, 2, -2, -2, 0], [-2, 9, 2, -2, 1, 1], [-2, 9, 2, -2, 0, 4], [-2, 9, 2, 1, -2, -2], [-2, 9, 0, 2, -2, -2], [-2, 8, -2, -2, 1, 5], [-2, 8, -2, -2, 1, 1], [-2, 8, -2, 4, -2, 1], [-2, 8, 2, -2, -2, 1], [-2, 8, 2, -2, 1, -2], [-2, 7, -2, -2, 1, 4], [-2, 7, 2, -2, -2, -2], [2, -2, 2, -2, 0, 1], [2, -2, 2, 2, 0, -2], [2, 15, -2, -2, 1, 5], [2, 15, -2, -2, 1, 1], [2, 15, 2, -2, 1, 0], [2, 15, 2, 4, -2, 0], [2, 12, -2, -2, -2, 5], [2, 12, 2, 4, 1, 1], [2, 11, -2, -2, 1, 5], [2, 11, -2, -2, 1, 3], [2, 11, -2, 1, -2, -2], [2, 11, 2, -2, -2, 5], [2, 11, 2, -2, 0, -2], [2, 11, 2, 4, -2, 2], [2, 10, -2, -2, 1, 2], [2, 9, -2, -2, -2, 5], [2, 9, -2, -2, 1, 1], [2, 9, -2, 4, -2, 1], [2, 9, -2, 2, -2, -2], [2, 9, -2, 1, -2, -2], [2, 9, 2, -2, -2, 1], [2, 9, 2, 4, 0, -2], [2, 9, 0, -2, 1, 2], [2, 8, -2, 4, 1, -2], [2, 8, 2, 4, -2, -2], [2, 7, -2, -2, 1, -2], [1, -2, -2, 1, -2, 0], [1, -2, 6, -2, 1, -2], [1, -2, 2, 4, 1, 1], [1, -2, 2, 2, -2, 0], [1, 15, -2, -2, 1, 1], [1, 15, 6, -2, -2, 2], [1, 15, 2, 4, 1, 2], [1, 15, 2, 2, -2, -2], [1, 12, 4, -2, 1, 2], [1, 12, 4, 4, -2, 2], [1, 12, 4, 4, 1, -2], [1, 12, 2, -2, 0, 1], [1, 11, -2, -2, 1, 0], [1, 11, -2, 4, -2, 0], [1, 11, 2, -2, 0, 2], [1, 11, 2, 4, -2, 1], [1, 11, 2, 4, 0, -2], [1, 9, -2, -2, -2, 0], [1, 9, 4, -2, -2, 1], [1, 9, 2, -2, 1, 4], [1, 9, 2, 4, -2, 4], [1, 8, -2, -2, -2, 5], [1, 8, -2, -2, -2, 1], [1, 8, 2, -2, -2, -2], [1, 7, -2, -2, -2, 4], [0, -2, 2, -2, -2, 5], [0, -2, 2, -2, 1, 1], [0, -2, 2, 1, -2, -2], [0, 15, 2, -2, -2, 4], [0, 14, -2, 4, 1, -2], [0, 12, 2, -2, -2, -2], [0, 9, 2, -2, -2, -2]]
30 65 
 [[-2, -2, -2, 1, -2, 4], [-2, -2, 2, -2, 0, 0], [-2, 15, -2, 4, 1, 1], [-2, 15, 2, -2, -2, 5], [-2, 15, 2, -2, -2, 1], [-2, 12, -2, 1, -2, -2], [-2, 12, 2, 4, -2, 5], [-2, 11, 2, -2, -2, 3], [-2, 11, 2, -2, -2, 0], [-2, 11, 2, 4, -2, 5], [-2, 11, 2, 4, 0, 2], [-2, 10, -2, -2, -2, 4], [-2, 10, -2, -2, 0, -2], [-2, 10, 4, -2, -2, -2], [-2, 10, 0, -2, -2, -2], [-2, 9, 2, -2, -2, 5], [-2, 9, 2, -2, -2, 0], [-2, 9, 2, -2, 1, 1], [-2, 9, 2, 1, -2, -2], [-2, 9, 0, 2, -2, -2], [-2, 8, -2, -2, 1, 1], [-2, 8, -2, 4, -2, 1], [-2, 8, 2, -2, -2, 1], [-2, 8, 2, -2, 1, -2], [-2, 7, -2, -2, 1, 4], [-2, 7, 2, -2, -2, -2], [2, 15, -2, -2, 1, 1], [2, 12, -2, -2, -2, 5], [2, 12, 2, 4, 1, 1], [2, 11, -2, -2, 1, 3], [2, 11, -2, 1, -2, -2], [2, 11, 2, -2, 0, -2], [2, 11, 2, 4, -2, 2], [2, 10, -2, -2, 1, 2], [2, 9, -2, -2, -2, 5], [2, 9, -2, -2, 1, 1], [2, 9, -2, 4, -2, 1], [2, 9, 2, -2, -2, 1], [2, 9, 0, -2, 1, 2], [2, 8, -2, 4, 1, -2], [2, 8, 2, 4, -2, -2], [2, 7, -2, -2, 1, -2], [1, -2, 2, 4, 1, 1], [1, 15, -2, -2, 1, 1], [1, 15, 2, 4, 1, 2], [1, 15, 2, 2, -2, -2], [1, 12, 4, -2, 1, 2], [1, 12, 4, 4, -2, 2], [1, 12, 4, 4, 1, -2], [1, 11, -2, -2, 1, 0], [1, 11, -2, 4, -2, 0], [1, 11, 2, -2, 0, 2], [1, 11, 2, 4, -2, 1], [1, 11, 2, 4, 0, -2], [1, 9, -2, -2, -2, 0], [1, 9, 4, -2, -2, 1], [1, 9, 2, -2, 1, 4], [1, 9, 2, 4, -2, 4], [1, 8, -2, -2, -2, 1], [1, 8, 2, -2, -2, -2], [0, -2, 2, -2, -2, 5], [0, -2, 2, -2, 1, 1], [0, -2, 2, 1, -2, -2], [0, 12, 2, -2, -2, -2], [0, 9, 2, -2, -2, -2]]
40 50 
 [[-2, -2, -2, 1, -2, 4], [-2, 15, -2, 4, 1, 1], [-2, 15, 2, -2, -2, 5], [-2, 15, 2, -2, -2, 1], [-2, 12, -2, 1, -2, -2], [-2, 12, 2, 4, -2, 5], [-2, 11, 2, -2, -2, 3], [-2, 11, 2, -2, -2, 0], [-2, 11, 2, 4, -2, 5], [-2, 11, 2, 4, 0, 2], [-2, 10, -2, -2, 0, -2], [-2, 10, 4, -2, -2, -2], [-2, 9, 2, -2, -2, 5], [-2, 9, 2, -2, -2, 0], [-2, 9, 2, -2, 1, 1], [-2, 9, 2, 1, -2, -2], [-2, 8, -2, -2, 1, 1], [-2, 8, -2, 4, -2, 1], [-2, 8, 2, -2, 1, -2], [-2, 7, 2, -2, -2, -2], [2, 11, -2, -2, 1, 3], [2, 11, 2, -2, 0, -2], [2, 11, 2, 4, -2, 2], [2, 9, -2, 4, -2, 1], [2, 8, -2, 4, 1, -2], [2, 8, 2, 4, -2, -2], [2, 7, -2, -2, 1, -2], [1, -2, 2, 4, 1, 1], [1, 15, -2, -2, 1, 1], [1, 15, 2, 4, 1, 2], [1, 15, 2, 2, -2, -2], [1, 12, 4, -2, 1, 2], [1, 12, 4, 4, -2, 2], [1, 12, 4, 4, 1, -2], [1, 11, -2, -2, 1, 0], [1, 11, -2, 4, -2, 0], [1, 11, 2, -2, 0, 2], [1, 11, 2, 4, -2, 1], [1, 11, 2, 4, 0, -2], [1, 9, -2, -2, -2, 0], [1, 9, 4, -2, -2, 1], [1, 9, 2, -2, 1, 4], [1, 9, 2, 4, -2, 4], [1, 8, -2, -2, -2, 1], [1, 8, 2, -2, -2, -2], [0, -2, 2, -2, -2, 5], [0, -2, 2, -2, 1, 1], [0, -2, 2, 1, -2, -2], [0, 12, 2, -2, -2, -2], [0, 9, 2, -2, -2, -2]]
50 45 
 [[-2, 15, -2, 4, 1, 1], [-2, 15, 2, -2, -2, 5], [-2, 15, 2, -2, -2, 1], [-2, 12, -2, 1, -2, -2], [-2, 12, 2, 4, -2, 5], [-2, 11, 2, -2, -2, 3], [-2, 11, 2, -2, -2, 0], [-2, 11, 2, 4, -2, 5], [-2, 11, 2, 4, 0, 2], [-2, 10, -2, -2, 0, -2], [-2, 10, 4, -2, -2, -2], [-2, 9, 2, -2, -2, 5], [-2, 9, 2, -2, -2, 0], [-2, 9, 2, -2, 1, 1], [-2, 9, 2, 1, -2, -2], [-2, 8, -2, -2, 1, 1], [-2, 8, -2, 4, -2, 1], [-2, 8, 2, -2, 1, -2], [-2, 7, 2, -2, -2, -2], [2, 11, -2, -2, 1, 3], [2, 11, 2, -2, 0, -2], [2, 11, 2, 4, -2, 2], [2, 8, -2, 4, 1, -2], [2, 8, 2, 4, -2, -2], [2, 7, -2, -2, 1, -2], [1, -2, 2, 4, 1, 1], [1, 15, -2, -2, 1, 1], [1, 15, 2, 4, 1, 2], [1, 15, 2, 2, -2, -2], [1, 12, 4, 4, -2, 2], [1, 12, 4, 4, 1, -2], [1, 11, -2, -2, 1, 0], [1, 11, -2, 4, -2, 0], [1, 11, 2, -2, 0, 2], [1, 11, 2, 4, -2, 1], [1, 11, 2, 4, 0, -2], [1, 9, -2, -2, -2, 0], [1, 9, 2, -2, 1, 4], [1, 9, 2, 4, -2, 4], [1, 8, -2, -2, -2, 1], [1, 8, 2, -2, -2, -2], [0, -2, 2, -2, -2, 5], [0, -2, 2, -2, 1, 1], [0, 12, 2, -2, -2, -2], [0, 9, 2, -2, -2, -2]]
60 38 
 [[-2, 15, -2, 4, 1, 1], [-2, 15, 2, -2, -2, 5], [-2, 15, 2, -2, -2, 1], [-2, 12, -2, 1, -2, -2], [-2, 11, 2, -2, -2, 3], [-2, 11, 2, -2, -2, 0], [-2, 11, 2, 4, -2, 5], [-2, 11, 2, 4, 0, 2], [-2, 9, 2, -2, -2, 5], [-2, 9, 2, -2, -2, 0], [-2, 9, 2, -2, 1, 1], [-2, 9, 2, 1, -2, -2], [-2, 8, -2, 4, -2, 1], [-2, 8, 2, -2, 1, -2], [-2, 7, 2, -2, -2, -2], [2, 11, -2, -2, 1, 3], [2, 11, 2, -2, 0, -2], [2, 11, 2, 4, -2, 2], [2, 8, -2, 4, 1, -2], [2, 8, 2, 4, -2, -2], [2, 7, -2, -2, 1, -2], [1, -2, 2, 4, 1, 1], [1, 15, -2, -2, 1, 1], [1, 15, 2, 4, 1, 2], [1, 15, 2, 2, -2, -2], [1, 12, 4, 4, -2, 2], [1, 12, 4, 4, 1, -2], [1, 11, -2, -2, 1, 0], [1, 11, -2, 4, -2, 0], [1, 11, 2, -2, 0, 2], [1, 11, 2, 4, -2, 1], [1, 11, 2, 4, 0, -2], [1, 9, -2, -2, -2, 0], [1, 9, 2, -2, 1, 4], [1, 9, 2, 4, -2, 4], [1, 8, 2, -2, -2, -2], [0, -2, 2, -2, 1, 1], [0, 9, 2, -2, -2, -2]]
70 32 
 [[-2, 15, -2, 4, 1, 1], [-2, 15, 2, -2, -2, 1], [-2, 11, 2, -2, -2, 3], [-2, 11, 2, -2, -2, 0], [-2, 11, 2, 4, -2, 5], [-2, 11, 2, 4, 0, 2], [-2, 9, 2, -2, -2, 5], [-2, 9, 2, -2, -2, 0], [-2, 9, 2, -2, 1, 1], [-2, 9, 2, 1, -2, -2], [-2, 8, 2, -2, 1, -2], [-2, 7, 2, -2, -2, -2], [2, 11, 2, -2, 0, -2], [2, 11, 2, 4, -2, 2], [2, 8, -2, 4, 1, -2], [2, 8, 2, 4, -2, -2], [1, -2, 2, 4, 1, 1], [1, 15, -2, -2, 1, 1], [1, 15, 2, 4, 1, 2], [1, 15, 2, 2, -2, -2], [1, 12, 4, 4, -2, 2], [1, 12, 4, 4, 1, -2], [1, 11, -2, -2, 1, 0], [1, 11, -2, 4, -2, 0], [1, 11, 2, -2, 0, 2], [1, 11, 2, 4, -2, 1], [1, 11, 2, 4, 0, -2], [1, 9, -2, -2, -2, 0], [1, 9, 2, -2, 1, 4], [1, 9, 2, 4, -2, 4], [1, 8, 2, -2, -2, -2], [0, 9, 2, -2, -2, -2]]
80 28 
 [[-2, 15, -2, 4, 1, 1], [-2, 15, 2, -2, -2, 1], [-2, 11, 2, -2, -2, 3], [-2, 11, 2, -2, -2, 0], [-2, 11, 2, 4, -2, 5], [-2, 11, 2, 4, 0, 2], [-2, 9, 2, -2, -2, 5], [-2, 9, 2, -2, -2, 0], [-2, 9, 2, -2, 1, 1], [-2, 9, 2, 1, -2, -2], [-2, 8, 2, -2, 1, -2], [-2, 7, 2, -2, -2, -2], [2, 11, 2, 4, -2, 2], [2, 8, -2, 4, 1, -2], [1, -2, 2, 4, 1, 1], [1, 15, -2, -2, 1, 1], [1, 15, 2, 4, 1, 2], [1, 15, 2, 2, -2, -2], [1, 12, 4, 4, -2, 2], [1, 11, -2, 4, -2, 0], [1, 11, 2, -2, 0, 2], [1, 11, 2, 4, -2, 1], [1, 11, 2, 4, 0, -2], [1, 9, -2, -2, -2, 0], [1, 9, 2, -2, 1, 4], [1, 9, 2, 4, -2, 4], [1, 8, 2, -2, -2, -2], [0, 9, 2, -2, -2, -2]]
90 22 
 [[-2, 15, -2, 4, 1, 1], [-2, 15, 2, -2, -2, 1], [-2, 11, 2, -2, -2, 3], [-2, 11, 2, -2, -2, 0], [-2, 11, 2, 4, 0, 2], [-2, 9, 2, -2, -2, 5], [-2, 9, 2, -2, 1, 1], [-2, 8, 2, -2, 1, -2], [-2, 7, 2, -2, -2, -2], [2, 11, 2, 4, -2, 2], [1, -2, 2, 4, 1, 1], [1, 15, -2, -2, 1, 1], [1, 15, 2, 4, 1, 2], [1, 12, 4, 4, -2, 2], [1, 11, -2, 4, -2, 0], [1, 11, 2, -2, 0, 2], [1, 11, 2, 4, 0, -2], [1, 9, -2, -2, -2, 0], [1, 9, 2, -2, 1, 4], [1, 9, 2, 4, -2, 4], [1, 8, 2, -2, -2, -2], [0, 9, 2, -2, -2, -2]]
100 18 
 [[-2, 15, -2, 4, 1, 1], [-2, 15, 2, -2, -2, 1], [-2, 11, 2, -2, -2, 3], [-2, 11, 2, 4, 0, 2], [-2, 9, 2, -2, -2, 5], [-2, 9, 2, -2, 1, 1], [-2, 8, 2, -2, 1, -2], [-2, 7, 2, -2, -2, -2], [2, 11, 2, 4, -2, 2], [1, -2, 2, 4, 1, 1], [1, 15, -2, -2, 1, 1], [1, 15, 2, 4, 1, 2], [1, 11, 2, -2, 0, 2], [1, 11, 2, 4, 0, -2], [1, 9, 2, -2, 1, 4], [1, 9, 2, 4, -2, 4], [1, 8, 2, -2, -2, -2], [0, 9, 2, -2, -2, -2]]
