overall accuracy: 0.808058024855159
execution time
10 7.602839946746826
20 7.381716012954712
30 8.153684139251709
40 7.761774063110352
50 8.458400964736938
60 7.7278358936309814
70 8.384419918060303
80 7.95730996131897
90 8.151742219924927
100 7.3860509395599365


number of calculations
10 78335.0
20 78335.0
30 78335.0
40 78335.0
50 78335.0
60 78335.0
70 78335.0
80 78335.0
90 78335.0
100 78335.0


number of patterns found
10 135 
 [[0, 10, -1, -1, -1, -1], [-1, 7, 2, -1, -1, -1], [-1, 10, 0, -1, -1, -1], [-1, 10, 4, -1, -1, -1], [-1, 12, 3, -1, -1, -1], [-1, 10, -1, 1, -1, -1], [-1, 12, -1, 1, -1, -1], [-1, 10, -1, -1, 0, -1], [-1, 10, -1, -1, -1, 1], [-1, 10, -1, -1, -1, 3], [-1, 10, -1, -1, -1, 4], [-1, -1, 1, -1, 0, -1], [-1, -1, -1, 1, -1, 4], [-1, -1, -1, 2, -1, 3], [0, 9, 2, -1, -1, -1], [0, 12, 2, -1, -1, -1], [1, 8, 2, -1, -1, -1], [1, 8, -1, 1, -1, -1], [1, 9, -1, 3, -1, -1], [2, 9, -1, 1, -1, -1], [2, 9, -1, 2, -1, -1], [2, 11, -1, 1, -1, -1], [2, 7, -1, -1, 1, -1], [1, 7, -1, -1, -1, 4], [1, 8, -1, -1, -1, 1], [1, 8, -1, -1, -1, 5], [1, 9, -1, -1, -1, 0], [2, 7, -1, -1, -1, 1], [2, 9, -1, -1, -1, 5], [2, 12, -1, -1, -1, 5], [0, -1, 2, 1, -1, -1], [1, -1, 6, -1, 1, -1], [0, -1, 2, -1, -1, 5], [2, -1, 4, -1, -1, 5], [1, -1, -1, 1, -1, 0], [2, -1, -1, 1, -1, 1], [-1, 0, 2, 2, -1, -1], [-1, 6, 2, 2, -1, -1], [-1, 8, 2, 1, -1, -1], [-1, 9, 0, 2, -1, -1], [-1, 9, 2, 1, -1, -1], [-1, 12, 0, 2, -1, -1], [-1, 8, 2, -1, 1, -1], [-1, 9, 3, -1, 1, -1], [-1, 9, 6, -1, 1, -1], [-1, 8, 2, -1, -1, 1], [-1, 8, 2, -1, -1, 5], [-1, 9, 2, -1, -1, 0], [-1, 9, 2, -1, -1, 5], [-1, 11, 2, -1, -1, 0], [-1, 11, 2, -1, -1, 3], [-1, 15, 2, -1, -1, 1], [-1, 15, 2, -1, -1, 5], [-1, 8, -1, 4, -1, 1], [-1, 9, -1, 1, -1, 0], [-1, 7, -1, -1, 0, 0], [-1, 7, -1, -1, 1, 4], [-1, 8, -1, -1, 1, 1], [-1, 8, -1, -1, 1, 5], [-1, -1, 2, 1, -1, 1], [-1, -1, 2, 2, -1, 4], [-1, -1, 2, -1, 0, 0], [-1, -1, -1, 1, 1, 1], [0, 2, 2, 4, -1, -1], [0, 14, 2, 4, -1, -1], [1, 9, 6, 4, -1, -1], [1, 12, 2, 2, -1, -1], [1, 15, 2, 2, -1, -1], [2, 8, 2, 4, -1, -1], [2, 15, 2, 2, -1, -1], [2, 11, 2, -1, 0, -1], [0, 15, 2, -1, -1, 4], [1, 4, 2, -1, -1, 4], [1, 9, 4, -1, -1, 1], [1, 15, 6, -1, -1, 2], [2, 9, 2, -1, -1, 1], [2, 11, 2, -1, -1, 5], [2, 12, 0, -1, -1, 1], [0, 14, -1, 4, 1, -1], [2, 8, -1, 4, 1, -1], [1, 11, -1, 4, -1, 0], [2, 9, -1, 4, -1, 1], [1, 4, -1, -1, 1, 4], [1, 11, -1, -1, 1, 0], [1, 15, -1, -1, 1, 1], [2, 8, -1, -1, 1, 4], [2, 9, -1, -1, 1, 0], [2, 9, -1, -1, 1, 1], [2, 10, -1, -1, 1, 2], [2, 11, -1, -1, 1, 3], [2, 11, -1, -1, 1, 5], [2, 15, -1, -1, 1, 1], [2, 15, -1, -1, 1, 5], [2, -1, 2, 2, 0, -1], [1, -1, 2, 2, -1, 0], [0, -1, 2, -1, 0, 4], [0, -1, 2, -1, 1, 1], [2, -1, 2, -1, 0, 1], [1, -1, -1, 2, 0, 4], [-1, 15, 2, 2, 0, -1], [-1, 9, 0, 1, -1, 2], [-1, 11, 2, 4, -1, 5], [-1, 12, 2, 4, -1, 5], [-1, 15, 2, 3, -1, 2], [-1, 9, 2, -1, 0, 4], [-1, 9, 2, -1, 1, 1], [-1, 11, 2, -1, 0, 1], [-1, 12, 4, -1, 1, 4], [-1, 15, 2, -1, 0, 4], [-1, 15, -1, 4, 1, 1], [-1, -1, 2, 2, 0, 1], [1, 11, 2, 4, 0, -1], [1, 12, 4, 4, 1, -1], [2, 9, 2, 4, 0, -1], [1, 9, 2, 4, -1, 4], [1, 11, 2, 0, -1, 2], [1, 11, 2, 4, -1, 1], [1, 12, 4, 4, -1, 2], [2, 11, 2, 4, -1, 2], [2, 15, 2, 4, -1, 0], [0, 14, 4, -1, 1, 2], [1, 9, 2, -1, 1, 4], [1, 9, 3, -1, 0, 2], [1, 11, 2, -1, 0, 2], [1, 12, 2, -1, 0, 1], [1, 12, 4, -1, 1, 2], [2, 9, 0, -1, 1, 2], [2, 15, 2, -1, 1, 0], [1, -1, 2, 4, 1, 1], [-1, 9, 4, 4, 1, 0], [-1, 11, 2, 4, 0, 2], [-1, 15, 2, 1, 1, 2], [1, 15, 2, 4, 1, 2], [2, 12, 2, 4, 1, 1], [2, 15, 4, 4, 1, 2]]
20 92 
 [[-1, 7, 2, -1, -1, -1], [-1, 10, 0, -1, -1, -1], [-1, 10, 4, -1, -1, -1], [-1, 10, -1, 1, -1, -1], [-1, 12, -1, 1, -1, -1], [-1, 10, -1, -1, 0, -1], [-1, 10, -1, -1, -1, 3], [-1, 10, -1, -1, -1, 4], [-1, -1, -1, 1, -1, 4], [0, 9, 2, -1, -1, -1], [0, 12, 2, -1, -1, -1], [1, 8, 2, -1, -1, -1], [2, 9, -1, 1, -1, -1], [2, 9, -1, 2, -1, -1], [2, 11, -1, 1, -1, -1], [2, 7, -1, -1, 1, -1], [1, 7, -1, -1, -1, 4], [1, 8, -1, -1, -1, 1], [1, 8, -1, -1, -1, 5], [1, 9, -1, -1, -1, 0], [2, 9, -1, -1, -1, 5], [2, 12, -1, -1, -1, 5], [0, -1, 2, 1, -1, -1], [1, -1, 6, -1, 1, -1], [0, -1, 2, -1, -1, 5], [1, -1, -1, 1, -1, 0], [-1, 9, 0, 2, -1, -1], [-1, 9, 2, 1, -1, -1], [-1, 8, 2, -1, 1, -1], [-1, 8, 2, -1, -1, 1], [-1, 9, 2, -1, -1, 0], [-1, 9, 2, -1, -1, 5], [-1, 11, 2, -1, -1, 0], [-1, 11, 2, -1, -1, 3], [-1, 15, 2, -1, -1, 1], [-1, 15, 2, -1, -1, 5], [-1, 8, -1, 4, -1, 1], [-1, 7, -1, -1, 1, 4], [-1, 8, -1, -1, 1, 1], [-1, 8, -1, -1, 1, 5], [-1, -1, 2, 2, -1, 4], [-1, -1, 2, -1, 0, 0], [-1, -1, -1, 1, 1, 1], [1, 15, 2, 2, -1, -1], [2, 8, 2, 4, -1, -1], [2, 11, 2, -1, 0, -1], [0, 15, 2, -1, -1, 4], [1, 9, 4, -1, -1, 1], [1, 15, 6, -1, -1, 2], [2, 9, 2, -1, -1, 1], [2, 11, 2, -1, -1, 5], [0, 14, -1, 4, 1, -1], [2, 8, -1, 4, 1, -1], [1, 11, -1, 4, -1, 0], [2, 9, -1, 4, -1, 1], [1, 11, -1, -1, 1, 0], [1, 15, -1, -1, 1, 1], [2, 9, -1, -1, 1, 1], [2, 10, -1, -1, 1, 2], [2, 11, -1, -1, 1, 3], [2, 11, -1, -1, 1, 5], [2, 15, -1, -1, 1, 1], [2, 15, -1, -1, 1, 5], [2, -1, 2, 2, 0, -1], [1, -1, 2, 2, -1, 0], [0, -1, 2, -1, 1, 1], [2, -1, 2, -1, 0, 1], [-1, 11, 2, 4, -1, 5], [-1, 12, 2, 4, -1, 5], [-1, 9, 2, -1, 0, 4], [-1, 9, 2, -1, 1, 1], [-1, 15, 2, -1, 0, 4], [-1, 15, -1, 4, 1, 1], [1, 11, 2, 4, 0, -1], [1, 12, 4, 4, 1, -1], [2, 9, 2, 4, 0, -1], [1, 9, 2, 4, -1, 4], [1, 11, 2, 4, -1, 1], [1, 12, 4, 4, -1, 2], [2, 11, 2, 4, -1, 2], [2, 15, 2, 4, -1, 0], [1, 9, 2, -1, 1, 4], [1, 11, 2, -1, 0, 2], [1, 12, 2, -1, 0, 1], [1, 12, 4, -1, 1, 2], [2, 9, 0, -1, 1, 2], [2, 15, 2, -1, 1, 0], [1, -1, 2, 4, 1, 1], [-1, 11, 2, 4, 0, 2], [-1, 15, 2, 1, 1, 2], [1, 15, 2, 4, 1, 2], [2, 12, 2, 4, 1, 1]]
30 65 
 [[-1, 7, 2, -1, -1, -1], [-1, 10, 0, -1, -1, -1], [-1, 10, 4, -1, -1, -1], [-1, 12, -1, 1, -1, -1], [-1, 10, -1, -1, 0, -1], [-1, 10, -1, -1, -1, 4], [-1, -1, -1, 1, -1, 4], [0, 9, 2, -1, -1, -1], [0, 12, 2, -1, -1, -1], [1, 8, 2, -1, -1, -1], [2, 11, -1, 1, -1, -1], [2, 7, -1, -1, 1, -1], [1, 8, -1, -1, -1, 1], [1, 9, -1, -1, -1, 0], [2, 9, -1, -1, -1, 5], [2, 12, -1, -1, -1, 5], [0, -1, 2, 1, -1, -1], [0, -1, 2, -1, -1, 5], [-1, 9, 0, 2, -1, -1], [-1, 9, 2, 1, -1, -1], [-1, 8, 2, -1, 1, -1], [-1, 8, 2, -1, -1, 1], [-1, 9, 2, -1, -1, 0], [-1, 9, 2, -1, -1, 5], [-1, 11, 2, -1, -1, 0], [-1, 11, 2, -1, -1, 3], [-1, 15, 2, -1, -1, 1], [-1, 15, 2, -1, -1, 5], [-1, 8, -1, 4, -1, 1], [-1, 7, -1, -1, 1, 4], [-1, 8, -1, -1, 1, 1], [-1, -1, 2, -1, 0, 0], [1, 15, 2, 2, -1, -1], [2, 8, 2, 4, -1, -1], [2, 11, 2, -1, 0, -1], [1, 9, 4, -1, -1, 1], [2, 9, 2, -1, -1, 1], [2, 8, -1, 4, 1, -1], [1, 11, -1, 4, -1, 0], [2, 9, -1, 4, -1, 1], [1, 11, -1, -1, 1, 0], [1, 15, -1, -1, 1, 1], [2, 9, -1, -1, 1, 1], [2, 10, -1, -1, 1, 2], [2, 11, -1, -1, 1, 3], [2, 15, -1, -1, 1, 1], [0, -1, 2, -1, 1, 1], [-1, 11, 2, 4, -1, 5], [-1, 12, 2, 4, -1, 5], [-1, 9, 2, -1, 1, 1], [-1, 15, -1, 4, 1, 1], [1, 11, 2, 4, 0, -1], [1, 12, 4, 4, 1, -1], [1, 9, 2, 4, -1, 4], [1, 11, 2, 4, -1, 1], [1, 12, 4, 4, -1, 2], [2, 11, 2, 4, -1, 2], [1, 9, 2, -1, 1, 4], [1, 11, 2, -1, 0, 2], [1, 12, 4, -1, 1, 2], [2, 9, 0, -1, 1, 2], [1, -1, 2, 4, 1, 1], [-1, 11, 2, 4, 0, 2], [1, 15, 2, 4, 1, 2], [2, 12, 2, 4, 1, 1]]
40 50 
 [[-1, 7, 2, -1, -1, -1], [-1, 10, 4, -1, -1, -1], [-1, 12, -1, 1, -1, -1], [-1, 10, -1, -1, 0, -1], [-1, -1, -1, 1, -1, 4], [0, 9, 2, -1, -1, -1], [0, 12, 2, -1, -1, -1], [1, 8, 2, -1, -1, -1], [2, 7, -1, -1, 1, -1], [1, 8, -1, -1, -1, 1], [1, 9, -1, -1, -1, 0], [0, -1, 2, 1, -1, -1], [0, -1, 2, -1, -1, 5], [-1, 9, 2, 1, -1, -1], [-1, 8, 2, -1, 1, -1], [-1, 9, 2, -1, -1, 0], [-1, 9, 2, -1, -1, 5], [-1, 11, 2, -1, -1, 0], [-1, 11, 2, -1, -1, 3], [-1, 15, 2, -1, -1, 1], [-1, 15, 2, -1, -1, 5], [-1, 8, -1, 4, -1, 1], [-1, 8, -1, -1, 1, 1], [1, 15, 2, 2, -1, -1], [2, 8, 2, 4, -1, -1], [2, 11, 2, -1, 0, -1], [1, 9, 4, -1, -1, 1], [2, 8, -1, 4, 1, -1], [1, 11, -1, 4, -1, 0], [2, 9, -1, 4, -1, 1], [1, 11, -1, -1, 1, 0], [1, 15, -1, -1, 1, 1], [2, 11, -1, -1, 1, 3], [0, -1, 2, -1, 1, 1], [-1, 11, 2, 4, -1, 5], [-1, 12, 2, 4, -1, 5], [-1, 9, 2, -1, 1, 1], [-1, 15, -1, 4, 1, 1], [1, 11, 2, 4, 0, -1], [1, 12, 4, 4, 1, -1], [1, 9, 2, 4, -1, 4], [1, 11, 2, 4, -1, 1], [1, 12, 4, 4, -1, 2], [2, 11, 2, 4, -1, 2], [1, 9, 2, -1, 1, 4], [1, 11, 2, -1, 0, 2], [1, 12, 4, -1, 1, 2], [1, -1, 2, 4, 1, 1], [-1, 11, 2, 4, 0, 2], [1, 15, 2, 4, 1, 2]]
50 45 
 [[-1, 7, 2, -1, -1, -1], [-1, 10, 4, -1, -1, -1], [-1, 12, -1, 1, -1, -1], [-1, 10, -1, -1, 0, -1], [0, 9, 2, -1, -1, -1], [0, 12, 2, -1, -1, -1], [1, 8, 2, -1, -1, -1], [2, 7, -1, -1, 1, -1], [1, 8, -1, -1, -1, 1], [1, 9, -1, -1, -1, 0], [0, -1, 2, -1, -1, 5], [-1, 9, 2, 1, -1, -1], [-1, 8, 2, -1, 1, -1], [-1, 9, 2, -1, -1, 0], [-1, 9, 2, -1, -1, 5], [-1, 11, 2, -1, -1, 0], [-1, 11, 2, -1, -1, 3], [-1, 15, 2, -1, -1, 1], [-1, 15, 2, -1, -1, 5], [-1, 8, -1, 4, -1, 1], [-1, 8, -1, -1, 1, 1], [1, 15, 2, 2, -1, -1], [2, 8, 2, 4, -1, -1], [2, 11, 2, -1, 0, -1], [2, 8, -1, 4, 1, -1], [1, 11, -1, 4, -1, 0], [1, 11, -1, -1, 1, 0], [1, 15, -1, -1, 1, 1], [2, 11, -1, -1, 1, 3], [0, -1, 2, -1, 1, 1], [-1, 11, 2, 4, -1, 5], [-1, 12, 2, 4, -1, 5], [-1, 9, 2, -1, 1, 1], [-1, 15, -1, 4, 1, 1], [1, 11, 2, 4, 0, -1], [1, 12, 4, 4, 1, -1], [1, 9, 2, 4, -1, 4], [1, 11, 2, 4, -1, 1], [1, 12, 4, 4, -1, 2], [2, 11, 2, 4, -1, 2], [1, 9, 2, -1, 1, 4], [1, 11, 2, -1, 0, 2], [1, -1, 2, 4, 1, 1], [-1, 11, 2, 4, 0, 2], [1, 15, 2, 4, 1, 2]]
60 38 
 [[-1, 7, 2, -1, -1, -1], [-1, 12, -1, 1, -1, -1], [0, 9, 2, -1, -1, -1], [1, 8, 2, -1, -1, -1], [2, 7, -1, -1, 1, -1], [1, 9, -1, -1, -1, 0], [-1, 9, 2, 1, -1, -1], [-1, 8, 2, -1, 1, -1], [-1, 9, 2, -1, -1, 0], [-1, 9, 2, -1, -1, 5], [-1, 11, 2, -1, -1, 0], [-1, 11, 2, -1, -1, 3], [-1, 15, 2, -1, -1, 1], [-1, 15, 2, -1, -1, 5], [-1, 8, -1, 4, -1, 1], [1, 15, 2, 2, -1, -1], [2, 8, 2, 4, -1, -1], [2, 11, 2, -1, 0, -1], [2, 8, -1, 4, 1, -1], [1, 11, -1, 4, -1, 0], [1, 11, -1, -1, 1, 0], [1, 15, -1, -1, 1, 1], [2, 11, -1, -1, 1, 3], [0, -1, 2, -1, 1, 1], [-1, 11, 2, 4, -1, 5], [-1, 9, 2, -1, 1, 1], [-1, 15, -1, 4, 1, 1], [1, 11, 2, 4, 0, -1], [1, 12, 4, 4, 1, -1], [1, 9, 2, 4, -1, 4], [1, 11, 2, 4, -1, 1], [1, 12, 4, 4, -1, 2], [2, 11, 2, 4, -1, 2], [1, 9, 2, -1, 1, 4], [1, 11, 2, -1, 0, 2], [1, -1, 2, 4, 1, 1], [-1, 11, 2, 4, 0, 2], [1, 15, 2, 4, 1, 2]]
70 32 
 [[-1, 7, 2, -1, -1, -1], [0, 9, 2, -1, -1, -1], [1, 8, 2, -1, -1, -1], [1, 9, -1, -1, -1, 0], [-1, 9, 2, 1, -1, -1], [-1, 8, 2, -1, 1, -1], [-1, 9, 2, -1, -1, 0], [-1, 9, 2, -1, -1, 5], [-1, 11, 2, -1, -1, 0], [-1, 11, 2, -1, -1, 3], [-1, 15, 2, -1, -1, 1], [1, 15, 2, 2, -1, -1], [2, 8, 2, 4, -1, -1], [2, 11, 2, -1, 0, -1], [2, 8, -1, 4, 1, -1], [1, 11, -1, 4, -1, 0], [1, 11, -1, -1, 1, 0], [1, 15, -1, -1, 1, 1], [-1, 11, 2, 4, -1, 5], [-1, 9, 2, -1, 1, 1], [-1, 15, -1, 4, 1, 1], [1, 11, 2, 4, 0, -1], [1, 12, 4, 4, 1, -1], [1, 9, 2, 4, -1, 4], [1, 11, 2, 4, -1, 1], [1, 12, 4, 4, -1, 2], [2, 11, 2, 4, -1, 2], [1, 9, 2, -1, 1, 4], [1, 11, 2, -1, 0, 2], [1, -1, 2, 4, 1, 1], [-1, 11, 2, 4, 0, 2], [1, 15, 2, 4, 1, 2]]
80 28 
 [[-1, 7, 2, -1, -1, -1], [0, 9, 2, -1, -1, -1], [1, 8, 2, -1, -1, -1], [1, 9, -1, -1, -1, 0], [-1, 9, 2, 1, -1, -1], [-1, 8, 2, -1, 1, -1], [-1, 9, 2, -1, -1, 0], [-1, 9, 2, -1, -1, 5], [-1, 11, 2, -1, -1, 0], [-1, 11, 2, -1, -1, 3], [-1, 15, 2, -1, -1, 1], [1, 15, 2, 2, -1, -1], [2, 8, -1, 4, 1, -1], [1, 11, -1, 4, -1, 0], [1, 15, -1, -1, 1, 1], [-1, 11, 2, 4, -1, 5], [-1, 9, 2, -1, 1, 1], [-1, 15, -1, 4, 1, 1], [1, 11, 2, 4, 0, -1], [1, 9, 2, 4, -1, 4], [1, 11, 2, 4, -1, 1], [1, 12, 4, 4, -1, 2], [2, 11, 2, 4, -1, 2], [1, 9, 2, -1, 1, 4], [1, 11, 2, -1, 0, 2], [1, -1, 2, 4, 1, 1], [-1, 11, 2, 4, 0, 2], [1, 15, 2, 4, 1, 2]]
90 22 
 [[-1, 7, 2, -1, -1, -1], [0, 9, 2, -1, -1, -1], [1, 8, 2, -1, -1, -1], [1, 9, -1, -1, -1, 0], [-1, 8, 2, -1, 1, -1], [-1, 9, 2, -1, -1, 5], [-1, 11, 2, -1, -1, 0], [-1, 11, 2, -1, -1, 3], [-1, 15, 2, -1, -1, 1], [1, 11, -1, 4, -1, 0], [1, 15, -1, -1, 1, 1], [-1, 9, 2, -1, 1, 1], [-1, 15, -1, 4, 1, 1], [1, 11, 2, 4, 0, -1], [1, 9, 2, 4, -1, 4], [1, 12, 4, 4, -1, 2], [2, 11, 2, 4, -1, 2], [1, 9, 2, -1, 1, 4], [1, 11, 2, -1, 0, 2], [1, -1, 2, 4, 1, 1], [-1, 11, 2, 4, 0, 2], [1, 15, 2, 4, 1, 2]]
100 18 
 [[-1, 7, 2, -1, -1, -1], [0, 9, 2, -1, -1, -1], [1, 8, 2, -1, -1, -1], [-1, 8, 2, -1, 1, -1], [-1, 9, 2, -1, -1, 5], [-1, 11, 2, -1, -1, 3], [-1, 15, 2, -1, -1, 1], [1, 15, -1, -1, 1, 1], [-1, 9, 2, -1, 1, 1], [-1, 15, -1, 4, 1, 1], [1, 11, 2, 4, 0, -1], [1, 9, 2, 4, -1, 4], [2, 11, 2, 4, -1, 2], [1, 9, 2, -1, 1, 4], [1, 11, 2, -1, 0, 2], [1, -1, 2, 4, 1, 1], [-1, 11, 2, 4, 0, 2], [1, 15, 2, 4, 1, 2]]
