execution time
3 0.04809284210205078 0.07267379760742188
4 0.08036589622497559 0.18061208724975586
5 0.12654805183410645 0.29529500007629395
6 0.2259540557861328 0.7675690650939941
7 0.41954588890075684 1.9330329895019531
8 0.7864313125610352 2.274282217025757
9 0.8028740882873535 3.043480157852173
10 0.9478991031646729 4.19281268119812
11 1.8183600902557373 7.375308036804199
12 2.6414358615875244 11.385554790496826
13 4.588436126708984 16.264791250228882
14 6.928580045700073 20.44507884979248
15 8.86164927482605 27.193013191223145
16 20.858410835266113 50.409287214279175
17 26.959768772125244 72.05650091171265
18 44.671627044677734 93.22812175750732
19 59.14601016044617 128.13785099983215
20 69.09024286270142 162.5326988697052


number of patterns checked
3 739.0 2130.0
4 3011.0 8510.0
5 4295.0 11957.0
6 7709.0 20857.0
7 13423.0 35867.0
8 19058.0 50127.0
9 26913.0 69107.0
10 36348.0 91406.0
11 59583.0 145794.0
12 91250.0 217530.0
13 123710.0 286581.0
14 169100.0 379329.0
15 244463.0 529845.0
16 401030.0 831093.0
17 595561.0 1194693.0
18 733978.0 1448451.0
19 962001.0 1861877.0
20 1288558.0 2438835.0


number of patterns found
3 40 
4 40 
5 40 
6 40 
7 40 
8 40 
9 40 
10 40 
11 40 
12 40 
13 40 
14 40 
15 40 
16 40 
17 40 
18 40 
19 40 
20 40 
