overall FPR: 0.1735446414561431
execution time
3 0.13393783569335938 0.12186408042907715
4 0.15625905990600586 0.1502232551574707
5 0.19935321807861328 0.25121498107910156
6 0.4725501537322998 1.479222059249878
7 1.6867759227752686 24.237149238586426
8 6.378512859344482
9 20.105345964431763
10 55.93593907356262
11 141.69063687324524
12 229.0951919555664


number of patterns checked
3 97.0 143.0
4 305.0 719.0
5 764.0 2879.0
6 5483.0 34559.0
7 21290.0 414719.0
8 59317.0
9 139257.0
10 313007.0
11 714958.0
12 1089208.0


number of patterns found
3 0 
 []
4 0 
 []
5 0 
 []
6 9 
 [[-1, -1, -1, -1, -1, 5], [-1, -1, -1, -1, -1, 4], [-1, -1, -1, 1, 1, 3], [-1, -1, 3, -1, -1, 3], [-1, -1, 2, -1, 1, 3], [-1, 1, -1, -1, 1, 3], [-1, 1, 2, -1, -1, 3], [0, -1, -1, 1, -1, 3], [0, 1, -1, -1, -1, 3]]
7 12 
 [[-1, -1, -1, -1, -1, -1, 6], [-1, -1, -1, -1, -1, -1, 5], [-1, -1, -1, -1, -1, -1, 4], [-1, -1, -1, -1, -1, 5, -1], [-1, -1, -1, -1, -1, 4, -1], [-1, -1, -1, 1, 1, 3, -1], [-1, -1, 3, -1, -1, 3, -1], [-1, -1, 2, -1, 1, 3, -1], [-1, 1, -1, -1, 1, 3, -1], [-1, 1, 2, -1, -1, 3, -1], [0, -1, -1, 1, -1, 3, -1], [0, 1, -1, -1, -1, 3, -1]]
8 18 
 [[-1, -1, -1, -1, -1, -1, -1, 5], [-1, -1, -1, -1, -1, -1, -1, 4], [-1, -1, -1, -1, -1, -1, 6, -1], [-1, -1, -1, -1, -1, -1, 5, -1], [-1, -1, -1, -1, -1, -1, 4, -1], [-1, -1, -1, -1, -1, 5, -1, -1], [-1, -1, -1, -1, -1, 4, -1, -1], [-1, -1, -1, -1, 1, 3, -1, 2], [-1, -1, -1, 1, 1, 3, -1, -1], [-1, -1, 3, -1, -1, 3, -1, -1], [-1, -1, 2, -1, 1, 3, -1, -1], [-1, -1, 2, 1, -1, 3, -1, 0], [-1, 1, -1, -1, -1, 3, -1, 2], [-1, 1, -1, -1, 1, 3, -1, -1], [-1, 1, 2, -1, -1, 3, -1, -1], [1, 1, -1, 1, -1, 3, -1, 0], [0, -1, -1, 1, -1, 3, -1, -1], [0, 1, -1, -1, -1, 3, -1, -1]]
9 24 
 [[-1, -1, -1, -1, -1, -1, -1, -1, 5], [-1, -1, -1, -1, -1, -1, -1, -1, 4], [-1, -1, -1, -1, -1, -1, -1, 5, -1], [-1, -1, -1, -1, -1, -1, -1, 4, -1], [-1, -1, -1, -1, -1, -1, 6, -1, -1], [-1, -1, -1, -1, -1, -1, 5, -1, -1], [-1, -1, -1, -1, -1, -1, 4, -1, -1], [-1, -1, -1, -1, -1, 5, -1, -1, -1], [-1, -1, -1, -1, -1, 4, -1, -1, -1], [-1, -1, -1, -1, 1, 3, -1, 2, -1], [-1, -1, -1, 1, 1, 3, -1, -1, -1], [-1, -1, 3, -1, -1, 3, -1, -1, -1], [-1, -1, 2, -1, 1, 3, -1, -1, -1], [-1, -1, 2, 1, -1, 3, -1, -1, 0], [-1, -1, 2, 1, -1, 3, -1, 0, -1], [-1, 1, -1, -1, -1, 3, -1, -1, 2], [-1, 1, -1, -1, -1, 3, -1, 2, -1], [-1, 1, -1, -1, 1, 3, -1, -1, -1], [-1, 1, 2, -1, -1, 3, -1, -1, -1], [1, 1, -1, -1, -1, 3, -1, -1, 0], [1, 1, -1, 1, -1, 3, -1, 0, -1], [0, -1, -1, 1, -1, 3, -1, -1, -1], [0, 2, 2, -1, -1, 3, -1, -1, 0], [0, 1, -1, -1, -1, 3, -1, -1, -1]]
10 37 
 [[-1, -1, -1, -1, -1, -1, -1, -1, -1, 5], [-1, -1, -1, -1, -1, -1, -1, -1, -1, 4], [-1, -1, -1, -1, -1, -1, -1, -1, 5, -1], [-1, -1, -1, -1, -1, -1, -1, -1, 4, -1], [-1, -1, -1, -1, -1, -1, -1, 5, -1, -1], [-1, -1, -1, -1, -1, -1, -1, 4, -1, -1], [-1, -1, -1, -1, -1, -1, 6, -1, -1, -1], [-1, -1, -1, -1, -1, -1, 5, -1, -1, -1], [-1, -1, -1, -1, -1, -1, 4, -1, -1, -1], [-1, -1, -1, -1, -1, 5, -1, -1, -1, -1], [-1, -1, -1, -1, -1, 4, -1, -1, -1, -1], [-1, -1, -1, -1, 1, 3, -1, 2, -1, -1], [-1, -1, -1, 1, 1, 3, -1, -1, -1, -1], [-1, -1, 3, -1, -1, 3, -1, -1, -1, -1], [-1, -1, 2, -1, -1, 3, -1, -1, 0, 0], [-1, -1, 2, -1, -1, 3, 0, 0, -1, 0], [-1, -1, 2, -1, 1, 3, -1, -1, -1, -1], [-1, -1, 2, 1, -1, 3, -1, -1, -1, 0], [-1, -1, 2, 1, -1, 3, -1, -1, 0, -1], [-1, -1, 2, 1, -1, 3, -1, 0, -1, -1], [-1, 1, -1, -1, -1, 3, -1, -1, -1, 2], [-1, 1, -1, -1, -1, 3, -1, -1, 2, -1], [-1, 1, -1, -1, -1, 3, -1, 2, -1, -1], [-1, 1, -1, -1, 1, 3, -1, -1, -1, -1], [-1, 1, -1, 1, -1, 3, -1, 0, -1, 0], [-1, 1, -1, 1, -1, 3, 0, -1, -1, 0], [-1, 1, 2, -1, -1, 3, -1, -1, -1, -1], [1, -1, -1, -1, 1, 3, -1, -1, -1, 0], [1, -1, 2, -1, -1, 3, -1, -1, -1, 0], [1, 1, -1, -1, -1, 3, -1, -1, -1, 0], [1, 1, -1, -1, -1, 3, -1, -1, 0, -1], [1, 1, -1, 1, -1, 3, -1, 0, -1, -1], [0, -1, -1, 1, -1, 3, -1, -1, -1, -1], [0, -1, 1, 2, 0, 3, -1, -1, -1, 2], [0, 2, 2, -1, -1, 3, -1, -1, -1, 0], [0, 2, 2, -1, -1, 3, -1, -1, 0, -1], [0, 1, -1, -1, -1, 3, -1, -1, -1, -1]]
11 59 
 [[-1, -1, -1, -1, -1, -1, -1, -1, -1, -1, 5], [-1, -1, -1, -1, -1, -1, -1, -1, -1, -1, 4], [-1, -1, -1, -1, -1, -1, -1, -1, -1, 5, -1], [-1, -1, -1, -1, -1, -1, -1, -1, -1, 4, -1], [-1, -1, -1, -1, -1, -1, -1, -1, 5, -1, -1], [-1, -1, -1, -1, -1, -1, -1, -1, 4, -1, -1], [-1, -1, -1, -1, -1, -1, -1, 5, -1, -1, -1], [-1, -1, -1, -1, -1, -1, -1, 4, -1, -1, -1], [-1, -1, -1, -1, -1, -1, 6, -1, -1, -1, -1], [-1, -1, -1, -1, -1, -1, 5, -1, -1, -1, -1], [-1, -1, -1, -1, -1, -1, 4, -1, -1, -1, -1], [-1, -1, -1, -1, -1, 5, -1, -1, -1, -1, -1], [-1, -1, -1, -1, -1, 4, -1, -1, -1, -1, -1], [-1, -1, -1, -1, 1, 3, -1, 2, -1, -1, -1], [-1, -1, -1, -1, 1, 3, 1, -1, -1, -1, 1], [-1, -1, -1, 1, 1, 3, -1, -1, -1, -1, -1], [-1, -1, 3, -1, -1, 3, -1, -1, -1, -1, -1], [-1, -1, 2, -1, -1, 3, -1, -1, -1, -1, 0], [-1, -1, 2, -1, -1, 3, -1, -1, 0, 0, -1], [-1, -1, 2, -1, -1, 3, 0, 0, -1, 0, -1], [-1, -1, 2, -1, 1, 3, -1, -1, -1, -1, -1], [-1, -1, 2, 1, -1, 3, -1, -1, -1, 0, -1], [-1, -1, 2, 1, -1, 3, -1, -1, 0, -1, -1], [-1, -1, 2, 1, -1, 3, -1, 0, -1, -1, -1], [-1, 1, -1, -1, -1, 3, -1, -1, -1, 2, -1], [-1, 1, -1, -1, -1, 3, -1, -1, 2, -1, -1], [-1, 1, -1, -1, -1, 3, -1, 2, -1, -1, -1], [-1, 1, -1, -1, 1, 3, -1, -1, -1, -1, -1], [-1, 1, -1, 1, -1, 3, -1, -1, -1, -1, 2], [-1, 1, -1, 1, -1, 3, -1, -1, 0, -1, 0], [-1, 1, -1, 1, -1, 3, -1, 0, -1, -1, 0], [-1, 1, -1, 1, -1, 3, -1, 0, -1, 0, -1], [-1, 1, -1, 1, -1, 3, 0, -1, -1, -1, 0], [-1, 1, -1, 1, -1, 3, 0, -1, -1, 0, -1], [-1, 1, -1, 1, 1, -1, -1, -1, -1, 2, 1], [-1, 1, 2, -1, -1, 3, -1, -1, -1, -1, -1], [1, -1, -1, -1, -1, 3, -1, 0, -1, -1, 0], [1, -1, -1, -1, -1, 3, 0, -1, -1, -1, 0], [1, -1, -1, -1, 1, 3, -1, -1, -1, -1, 0], [1, -1, -1, -1, 1, 3, -1, -1, -1, 0, -1], [1, -1, -1, 2, -1, 3, -1, -1, -1, 0, 0], [1, -1, -1, 2, -1, 3, -1, -1, 0, -1, 0], [1, -1, 2, -1, -1, 3, -1, -1, -1, 0, -1], [1, 1, -1, -1, -1, 3, -1, -1, -1, -1, 0], [1, 1, -1, -1, -1, 3, -1, -1, -1, 0, -1], [1, 1, -1, -1, -1, 3, -1, -1, 0, -1, -1], [1, 1, -1, 1, -1, 3, -1, 0, -1, -1, -1], [0, -1, -1, 1, -1, 3, -1, -1, -1, -1, -1], [0, -1, -1, 1, 1, -1, -1, -1, -1, 2, 1], [0, -1, 2, 1, -1, -1, -1, -1, 2, -1, 0], [0, -1, 1, 2, 0, 3, -1, -1, -1, 2, -1], [0, 2, 2, -1, -1, 3, -1, -1, -1, 0, -1], [0, 2, 2, -1, -1, 3, -1, -1, 0, -1, -1], [0, 1, -1, -1, -1, 3, -1, -1, -1, -1, -1], [0, 1, -1, -1, 0, -1, -1, -1, 2, 1, 1], [0, 1, -1, -1, 0, -1, -1, 2, -1, 1, 1], [0, 1, -1, 1, -1, -1, -1, -1, -1, 2, 1], [0, 1, -1, 1, -1, -1, -1, -1, 2, -1, 1], [0, 1, -1, 1, -1, -1, -1, 2, -1, -1, 1]]
12 79 
 [[-1, -1, -1, -1, -1, -1, -1, -1, -1, -1, 5, -1], [-1, -1, -1, -1, -1, -1, -1, -1, -1, -1, 4, -1], [-1, -1, -1, -1, -1, -1, -1, -1, -1, 5, -1, -1], [-1, -1, -1, -1, -1, -1, -1, -1, -1, 4, -1, -1], [-1, -1, -1, -1, -1, -1, -1, -1, 5, -1, -1, -1], [-1, -1, -1, -1, -1, -1, -1, -1, 4, -1, -1, -1], [-1, -1, -1, -1, -1, -1, -1, 5, -1, -1, -1, -1], [-1, -1, -1, -1, -1, -1, -1, 4, -1, -1, -1, -1], [-1, -1, -1, -1, -1, -1, 6, -1, -1, -1, -1, -1], [-1, -1, -1, -1, -1, -1, 5, -1, -1, -1, -1, -1], [-1, -1, -1, -1, -1, -1, 4, -1, -1, -1, -1, -1], [-1, -1, -1, -1, -1, 5, -1, -1, -1, -1, -1, -1], [-1, -1, -1, -1, -1, 4, -1, -1, -1, -1, -1, -1], [-1, -1, -1, -1, 1, 3, -1, -1, -1, -1, 2, 1], [-1, -1, -1, -1, 1, 3, -1, -1, -1, 2, -1, 1], [-1, -1, -1, -1, 1, 3, -1, -1, 2, -1, -1, 1], [-1, -1, -1, -1, 1, 3, -1, 2, -1, -1, -1, -1], [-1, -1, -1, -1, 1, 3, -1, 1, -1, -1, 1, 1], [-1, -1, -1, -1, 1, 3, 1, -1, -1, -1, 1, -1], [-1, -1, -1, 1, -1, 3, -1, -1, -1, -1, 0, 1], [-1, -1, -1, 1, -1, 3, -1, -1, -1, 0, -1, 1], [-1, -1, -1, 1, -1, 3, -1, 2, -1, -1, -1, 1], [-1, -1, -1, 1, 1, 3, -1, -1, -1, -1, -1, -1], [-1, -1, 3, -1, -1, 3, -1, -1, -1, -1, -1, -1], [-1, -1, 2, -1, -1, 3, -1, -1, -1, -1, 0, -1], [-1, -1, 2, -1, -1, 3, -1, -1, -1, 0, -1, 1], [-1, -1, 2, -1, -1, 3, -1, -1, 0, 0, -1, -1], [-1, -1, 2, -1, -1, 3, 0, 0, -1, 0, -1, -1], [-1, -1, 2, -1, 1, 3, -1, -1, -1, -1, -1, -1], [-1, -1, 2, 1, -1, 3, -1, -1, -1, -1, -1, 1], [-1, -1, 2, 1, -1, 3, -1, -1, -1, 0, -1, -1], [-1, -1, 2, 1, -1, 3, -1, -1, 0, -1, -1, -1], [-1, -1, 2, 1, -1, 3, -1, 0, -1, -1, -1, -1], [-1, 1, -1, -1, -1, 3, -1, -1, -1, -1, -1, 1], [-1, 1, -1, -1, -1, 3, -1, -1, -1, 2, -1, -1], [-1, 1, -1, -1, -1, 3, -1, -1, 2, -1, -1, -1], [-1, 1, -1, -1, -1, 3, -1, 2, -1, -1, -1, -1], [-1, 1, -1, -1, 1, 3, -1, -1, -1, -1, -1, -1], [-1, 1, -1, 1, -1, 3, -1, -1, -1, -1, 2, -1], [-1, 1, -1, 1, -1, 3, -1, -1, 0, -1, 0, -1], [-1, 1, -1, 1, -1, 3, -1, 0, -1, -1, 0, -1], [-1, 1, -1, 1, -1, 3, -1, 0, -1, 0, -1, -1], [-1, 1, -1, 1, -1, 3, 0, -1, -1, -1, 0, -1], [-1, 1, -1, 1, -1, 3, 0, -1, -1, 0, -1, -1], [-1, 1, -1, 1, 1, -1, -1, -1, -1, 2, 1, -1], [-1, 1, 2, -1, -1, 3, -1, -1, -1, -1, -1, -1], [1, -1, -1, -1, -1, 3, -1, -1, 0, -1, 0, 1], [1, -1, -1, -1, -1, 3, -1, -1, 0, 0, -1, 1], [1, -1, -1, -1, -1, 3, -1, 0, -1, -1, 0, -1], [1, -1, -1, -1, -1, 3, -1, 0, -1, 0, -1, 1], [1, -1, -1, -1, -1, 3, 0, -1, -1, -1, 0, -1], [1, -1, -1, -1, 1, 3, -1, -1, -1, -1, -1, 1], [1, -1, -1, -1, 1, 3, -1, -1, -1, -1, 0, -1], [1, -1, -1, -1, 1, 3, -1, -1, -1, 0, -1, -1], [1, -1, -1, 2, -1, 3, -1, -1, -1, 0, 0, -1], [1, -1, -1, 2, -1, 3, -1, -1, 0, -1, 0, -1], [1, -1, 2, -1, -1, 3, -1, -1, -1, 0, -1, -1], [1, -1, 2, -1, -1, 3, -1, -1, 0, -1, -1, 1], [1, -1, 2, -1, -1, 3, -1, 0, -1, -1, -1, 1], [1, 1, -1, -1, -1, 3, -1, -1, -1, -1, 0, -1], [1, 1, -1, -1, -1, 3, -1, -1, -1, 0, -1, -1], [1, 1, -1, -1, -1, 3, -1, -1, 0, -1, -1, -1], [1, 1, -1, 1, -1, 3, -1, 0, -1, -1, -1, -1], [0, -1, -1, -1, -1, 3, -1, -1, -1, 2, -1, 1], [0, -1, -1, -1, 1, 3, -1, -1, -1, -1, -1, 1], [0, -1, -1, 1, -1, 3, -1, -1, -1, -1, -1, -1], [0, -1, -1, 1, 1, -1, -1, -1, -1, 2, 1, -1], [0, -1, 2, -1, -1, 3, -1, -1, -1, -1, -1, 1], [0, -1, 2, 1, -1, -1, -1, -1, 2, -1, 0, -1], [0, -1, 1, 2, 0, 3, -1, -1, -1, 2, -1, -1], [0, 2, 2, -1, -1, 3, -1, -1, -1, 0, -1, -1], [0, 2, 2, -1, -1, 3, -1, -1, 0, -1, -1, -1], [0, 1, -1, -1, -1, 3, -1, -1, -1, -1, -1, -1], [0, 1, -1, -1, 0, -1, -1, -1, 2, 1, 1, -1], [0, 1, -1, -1, 0, -1, -1, 2, -1, 1, 1, -1], [0, 1, -1, 1, -1, -1, -1, -1, -1, 2, 1, -1], [0, 1, -1, 1, -1, -1, -1, -1, 2, -1, 1, -1], [0, 1, -1, 1, -1, -1, -1, 2, -1, -1, 1, -1], [0, 1, -1, 1, 0, -1, -1, -1, -1, -1, 1, 1]]
