
execution time
10 2.2822189331054688
20 2.02775502204895
30 1.8623731136322021
40 1.6655738353729248
50 1.5788261890411377
60 1.4422388076782227
70 1.3716070652008057
80 1.305631160736084
90 1.3091201782226562
100 1.2281029224395752


number of calculations
10 32649.0
20 27727.0
30 25049.0
40 22943.0
50 21290.0
60 20054.0
70 19124.0
80 18104.0
90 17541.0
100 16878.0


number of patterns found
10 45 
 [[-1, -1, -1, -1, -1, -1, 9], [-1, -1, -1, -1, -1, -1, 7], [-1, -1, -1, -1, -1, -1, 6], [-1, -1, -1, -1, -1, -1, 5], [-1, -1, -1, -1, -1, -1, 4], [-1, -1, -1, -1, -1, 10, -1], [-1, -1, -1, -1, -1, 7, -1], [-1, -1, -1, -1, -1, 6, -1], [-1, -1, -1, -1, -1, 5, -1], [-1, -1, -1, -1, -1, 4, -1], [-1, -1, -1, -1, 2, -1, 1], [-1, -1, -1, -1, 2, -1, 0], [-1, -1, -1, -1, 2, 3, -1], [-1, -1, -1, 3, -1, 3, -1], [-1, -1, -1, 1, 2, 1, -1], [-1, -1, -1, 1, 1, 3, -1], [-1, -1, 6, 1, 1, -1, -1], [-1, -1, 3, -1, -1, 3, -1], [-1, -1, 2, -1, 2, -1, -1], [-1, -1, 2, -1, 1, 3, -1], [-1, -1, 1, -1, 1, 3, 1], [-1, 2, -1, 2, 2, -1, -1], [-1, 2, 1, 1, 2, -1, -1], [-1, 1, -1, -1, 1, 3, -1], [-1, 1, 2, -1, -1, 3, -1], [-1, 1, 1, 3, 1, -1, -1], [2, -1, -1, 1, -1, 3, 0], [2, -1, 3, 1, 1, -1, 1], [2, 2, -1, 1, -1, 3, -1], [1, -1, -1, -1, 2, 1, -1], [1, -1, -1, -1, 1, 3, 1], [1, -1, -1, 2, 1, 3, -1], [1, 2, -1, 1, 0, 2, 1], [1, 2, 3, 2, -1, -1, 0], [1, 1, -1, -1, -1, 3, 1], [1, 1, 1, 2, 1, -1, 1], [1, 1, 1, 2, 1, 1, -1], [0, -1, -1, 2, 2, -1, -1], [0, -1, -1, 1, -1, 3, -1], [0, -1, 6, 1, -1, -1, -1], [0, 2, 2, 2, 0, 3, 1], [0, 1, -1, -1, -1, 3, -1], [0, 1, -1, -1, -1, 0, 1], [0, 1, 3, -1, -1, 2, 1], [0, 1, 1, 1, -1, -1, 0]]
20 26 
 [[-1, -1, -1, -1, -1, -1, 6], [-1, -1, -1, -1, -1, -1, 5], [-1, -1, -1, -1, -1, -1, 4], [-1, -1, -1, -1, -1, 6, -1], [-1, -1, -1, -1, -1, 5, -1], [-1, -1, -1, -1, -1, 4, -1], [-1, -1, -1, -1, 2, -1, 1], [-1, -1, -1, -1, 2, -1, 0], [-1, -1, -1, -1, 2, 3, -1], [-1, -1, -1, 3, -1, 3, -1], [-1, -1, -1, 1, 2, 1, -1], [-1, -1, -1, 1, 1, 3, -1], [-1, -1, 3, -1, -1, 3, -1], [-1, -1, 2, -1, 2, -1, -1], [-1, -1, 2, -1, 1, 3, -1], [-1, -1, 1, -1, 1, 3, 1], [-1, 1, -1, -1, 1, 3, -1], [-1, 1, 2, -1, -1, 3, -1], [1, -1, -1, -1, 1, 3, 1], [1, -1, -1, 2, 1, 3, -1], [1, 2, 3, 2, -1, -1, 0], [1, 1, -1, -1, -1, 3, 1], [0, -1, -1, 1, -1, 3, -1], [0, 2, 2, 2, 0, 3, 1], [0, 1, -1, -1, -1, 3, -1], [0, 1, 1, 1, -1, -1, 0]]
30 20 
 [[-1, -1, -1, -1, -1, -1, 6], [-1, -1, -1, -1, -1, -1, 5], [-1, -1, -1, -1, -1, -1, 4], [-1, -1, -1, -1, -1, 6, -1], [-1, -1, -1, -1, -1, 5, -1], [-1, -1, -1, -1, -1, 4, -1], [-1, -1, -1, -1, 2, -1, 1], [-1, -1, -1, 1, 1, 3, -1], [-1, -1, 3, -1, -1, 3, -1], [-1, -1, 2, -1, 2, -1, -1], [-1, -1, 2, -1, 1, 3, -1], [-1, -1, 1, -1, 1, 3, 1], [-1, 1, -1, -1, 1, 3, -1], [-1, 1, 2, -1, -1, 3, -1], [1, -1, -1, -1, 1, 3, 1], [1, -1, -1, 2, 1, 3, -1], [1, 1, -1, -1, -1, 3, 1], [0, -1, -1, 1, -1, 3, -1], [0, 1, -1, -1, -1, 3, -1], [0, 1, 1, 1, -1, -1, 0]]
40 14 
 [[-1, -1, -1, -1, -1, -1, 6], [-1, -1, -1, -1, -1, -1, 5], [-1, -1, -1, -1, -1, -1, 4], [-1, -1, -1, -1, -1, 5, -1], [-1, -1, -1, -1, -1, 4, -1], [-1, -1, -1, 1, 1, 3, -1], [-1, -1, 3, -1, -1, 3, -1], [-1, -1, 2, -1, 2, -1, -1], [-1, -1, 2, -1, 1, 3, -1], [-1, 1, -1, -1, 1, 3, -1], [-1, 1, 2, -1, -1, 3, -1], [1, -1, -1, -1, 1, 3, 1], [0, -1, -1, 1, -1, 3, -1], [0, 1, -1, -1, -1, 3, -1]]
50 12 
 [[-1, -1, -1, -1, -1, -1, 6], [-1, -1, -1, -1, -1, -1, 5], [-1, -1, -1, -1, -1, -1, 4], [-1, -1, -1, -1, -1, 5, -1], [-1, -1, -1, -1, -1, 4, -1], [-1, -1, -1, 1, 1, 3, -1], [-1, -1, 3, -1, -1, 3, -1], [-1, -1, 2, -1, 1, 3, -1], [-1, 1, -1, -1, 1, 3, -1], [-1, 1, 2, -1, -1, 3, -1], [0, -1, -1, 1, -1, 3, -1], [0, 1, -1, -1, -1, 3, -1]]
60 11 
 [[-1, -1, -1, -1, -1, -1, 5], [-1, -1, -1, -1, -1, -1, 4], [-1, -1, -1, -1, -1, 5, -1], [-1, -1, -1, -1, -1, 4, -1], [-1, -1, -1, 1, 1, 3, -1], [-1, -1, 3, -1, -1, 3, -1], [-1, -1, 2, -1, 1, 3, -1], [-1, 1, -1, -1, 1, 3, -1], [-1, 1, 2, -1, -1, 3, -1], [0, -1, -1, 1, -1, 3, -1], [0, 1, -1, -1, -1, 3, -1]]
70 11 
 [[-1, -1, -1, -1, -1, -1, 5], [-1, -1, -1, -1, -1, -1, 4], [-1, -1, -1, -1, -1, 5, -1], [-1, -1, -1, -1, -1, 4, -1], [-1, -1, -1, 1, 1, 3, -1], [-1, -1, 3, -1, -1, 3, -1], [-1, -1, 2, -1, 1, 3, -1], [-1, 1, -1, -1, 1, 3, -1], [-1, 1, 2, -1, -1, 3, -1], [0, -1, -1, 1, -1, 3, -1], [0, 1, -1, -1, -1, 3, -1]]
80 11 
 [[-1, -1, -1, -1, -1, -1, 5], [-1, -1, -1, -1, -1, -1, 4], [-1, -1, -1, -1, -1, 5, -1], [-1, -1, -1, -1, -1, 4, -1], [-1, -1, -1, 1, 1, 3, -1], [-1, -1, 3, -1, -1, 3, -1], [-1, -1, 2, -1, 1, 3, -1], [-1, 1, -1, -1, 1, 3, -1], [-1, 1, 2, -1, -1, 3, -1], [0, -1, -1, 1, -1, 3, -1], [0, 1, -1, -1, -1, 3, -1]]
90 11 
 [[-1, -1, -1, -1, -1, -1, 5], [-1, -1, -1, -1, -1, -1, 4], [-1, -1, -1, -1, -1, 5, -1], [-1, -1, -1, -1, -1, 4, -1], [-1, -1, -1, 1, 1, 3, -1], [-1, -1, 3, -1, -1, 3, -1], [-1, -1, 2, -1, 1, 3, -1], [-1, 1, -1, -1, 1, 3, -1], [-1, 1, 2, -1, -1, 3, -1], [0, -1, -1, 1, -1, 3, -1], [0, 1, -1, -1, -1, 3, -1]]
100 11 
 [[-1, -1, -1, -1, -1, -1, 5], [-1, -1, -1, -1, -1, -1, 4], [-1, -1, -1, -1, -1, 5, -1], [-1, -1, -1, -1, -1, 4, -1], [-1, -1, -1, 1, 1, 3, -1], [-1, -1, 3, -1, -1, 3, -1], [-1, -1, 2, -1, 1, 3, -1], [-1, 1, -1, -1, 1, 3, -1], [-1, 1, 2, -1, -1, 3, -1], [0, -1, -1, 1, -1, 3, -1], [0, 1, -1, -1, -1, 3, -1]]
