execution time
10 21.33610773086548
20 23.219727039337158
30 23.12993097305298
40 24.286266088485718
50 26.76497197151184
60 24.90447688102722
70 28.62641191482544
80 23.83434820175171
90 23.233877897262573
100 28.552584886550903


number of calculations
10 414719.0
20 414719.0
30 414719.0
40 414719.0
50 414719.0
60 414719.0
70 414719.0
80 414719.0
90 414719.0
100 414719.0


number of patterns found
10 45 
 [[-1, -1, -1, -1, -1, 4, -1], [-1, -1, -1, -1, -1, 5, -1], [-1, -1, -1, -1, -1, 6, -1], [-1, -1, -1, -1, -1, 7, -1], [-1, -1, -1, -1, -1, 10, -1], [-1, -1, -1, -1, -1, -1, 4], [-1, -1, -1, -1, -1, -1, 5], [-1, -1, -1, -1, -1, -1, 6], [-1, -1, -1, -1, -1, -1, 7], [-1, -1, -1, -1, -1, -1, 9], [-1, -1, 2, -1, 2, -1, -1], [-1, -1, 3, -1, -1, 3, -1], [-1, -1, -1, 3, -1, 3, -1], [-1, -1, -1, -1, 2, 3, -1], [-1, -1, -1, -1, 2, -1, 0], [-1, -1, -1, -1, 2, -1, 1], [0, 1, -1, -1, -1, 3, -1], [0, -1, 6, 1, -1, -1, -1], [0, -1, -1, 2, 2, -1, -1], [0, -1, -1, 1, -1, 3, -1], [1, -1, -1, -1, 2, 1, -1], [-1, 1, 2, -1, -1, 3, -1], [-1, 2, -1, 2, 2, -1, -1], [-1, 1, -1, -1, 1, 3, -1], [-1, -1, 6, 1, 1, -1, -1], [-1, -1, 2, -1, 1, 3, -1], [-1, -1, -1, 1, 1, 3, -1], [-1, -1, -1, 1, 2, 1, -1], [2, 2, -1, 1, -1, 3, -1], [0, 1, -1, -1, -1, 0, 1], [1, 1, -1, -1, -1, 3, 1], [1, -1, -1, 2, 1, 3, -1], [2, -1, -1, 1, -1, 3, 0], [1, -1, -1, -1, 1, 3, 1], [-1, 1, 1, 3, 1, -1, -1], [-1, 2, 1, 1, 2, -1, -1], [-1, -1, 1, -1, 1, 3, 1], [0, 1, 1, 1, -1, -1, 0], [1, 2, 3, 2, -1, -1, 0], [0, 1, 3, -1, -1, 2, 1], [2, -1, 3, 1, 1, -1, 1], [1, 1, 1, 2, 1, 1, -1], [1, 1, 1, 2, 1, -1, 1], [1, 2, -1, 1, 0, 2, 1], [0, 2, 2, 2, 0, 3, 1]]
20 26 
 [[-1, -1, -1, -1, -1, 4, -1], [-1, -1, -1, -1, -1, 5, -1], [-1, -1, -1, -1, -1, 6, -1], [-1, -1, -1, -1, -1, -1, 4], [-1, -1, -1, -1, -1, -1, 5], [-1, -1, -1, -1, -1, -1, 6], [-1, -1, 2, -1, 2, -1, -1], [-1, -1, 3, -1, -1, 3, -1], [-1, -1, -1, 3, -1, 3, -1], [-1, -1, -1, -1, 2, 3, -1], [-1, -1, -1, -1, 2, -1, 0], [-1, -1, -1, -1, 2, -1, 1], [0, 1, -1, -1, -1, 3, -1], [0, -1, -1, 1, -1, 3, -1], [-1, 1, 2, -1, -1, 3, -1], [-1, 1, -1, -1, 1, 3, -1], [-1, -1, 2, -1, 1, 3, -1], [-1, -1, -1, 1, 1, 3, -1], [-1, -1, -1, 1, 2, 1, -1], [1, 1, -1, -1, -1, 3, 1], [1, -1, -1, 2, 1, 3, -1], [1, -1, -1, -1, 1, 3, 1], [-1, -1, 1, -1, 1, 3, 1], [0, 1, 1, 1, -1, -1, 0], [1, 2, 3, 2, -1, -1, 0], [0, 2, 2, 2, 0, 3, 1]]
30 20 
 [[-1, -1, -1, -1, -1, 4, -1], [-1, -1, -1, -1, -1, 5, -1], [-1, -1, -1, -1, -1, 6, -1], [-1, -1, -1, -1, -1, -1, 4], [-1, -1, -1, -1, -1, -1, 5], [-1, -1, -1, -1, -1, -1, 6], [-1, -1, 2, -1, 2, -1, -1], [-1, -1, 3, -1, -1, 3, -1], [-1, -1, -1, -1, 2, -1, 1], [0, 1, -1, -1, -1, 3, -1], [0, -1, -1, 1, -1, 3, -1], [-1, 1, 2, -1, -1, 3, -1], [-1, 1, -1, -1, 1, 3, -1], [-1, -1, 2, -1, 1, 3, -1], [-1, -1, -1, 1, 1, 3, -1], [1, 1, -1, -1, -1, 3, 1], [1, -1, -1, 2, 1, 3, -1], [1, -1, -1, -1, 1, 3, 1], [-1, -1, 1, -1, 1, 3, 1], [0, 1, 1, 1, -1, -1, 0]]
40 14 
 [[-1, -1, -1, -1, -1, 4, -1], [-1, -1, -1, -1, -1, 5, -1], [-1, -1, -1, -1, -1, -1, 4], [-1, -1, -1, -1, -1, -1, 5], [-1, -1, -1, -1, -1, -1, 6], [-1, -1, 2, -1, 2, -1, -1], [-1, -1, 3, -1, -1, 3, -1], [0, 1, -1, -1, -1, 3, -1], [0, -1, -1, 1, -1, 3, -1], [-1, 1, 2, -1, -1, 3, -1], [-1, 1, -1, -1, 1, 3, -1], [-1, -1, 2, -1, 1, 3, -1], [-1, -1, -1, 1, 1, 3, -1], [1, -1, -1, -1, 1, 3, 1]]
50 12 
 [[-1, -1, -1, -1, -1, 4, -1], [-1, -1, -1, -1, -1, 5, -1], [-1, -1, -1, -1, -1, -1, 4], [-1, -1, -1, -1, -1, -1, 5], [-1, -1, -1, -1, -1, -1, 6], [-1, -1, 3, -1, -1, 3, -1], [0, 1, -1, -1, -1, 3, -1], [0, -1, -1, 1, -1, 3, -1], [-1, 1, 2, -1, -1, 3, -1], [-1, 1, -1, -1, 1, 3, -1], [-1, -1, 2, -1, 1, 3, -1], [-1, -1, -1, 1, 1, 3, -1]]
60 11 
 [[-1, -1, -1, -1, -1, 4, -1], [-1, -1, -1, -1, -1, 5, -1], [-1, -1, -1, -1, -1, -1, 4], [-1, -1, -1, -1, -1, -1, 5], [-1, -1, 3, -1, -1, 3, -1], [0, 1, -1, -1, -1, 3, -1], [0, -1, -1, 1, -1, 3, -1], [-1, 1, 2, -1, -1, 3, -1], [-1, 1, -1, -1, 1, 3, -1], [-1, -1, 2, -1, 1, 3, -1], [-1, -1, -1, 1, 1, 3, -1]]
70 11 
 [[-1, -1, -1, -1, -1, 4, -1], [-1, -1, -1, -1, -1, 5, -1], [-1, -1, -1, -1, -1, -1, 4], [-1, -1, -1, -1, -1, -1, 5], [-1, -1, 3, -1, -1, 3, -1], [0, 1, -1, -1, -1, 3, -1], [0, -1, -1, 1, -1, 3, -1], [-1, 1, 2, -1, -1, 3, -1], [-1, 1, -1, -1, 1, 3, -1], [-1, -1, 2, -1, 1, 3, -1], [-1, -1, -1, 1, 1, 3, -1]]
80 11 
 [[-1, -1, -1, -1, -1, 4, -1], [-1, -1, -1, -1, -1, 5, -1], [-1, -1, -1, -1, -1, -1, 4], [-1, -1, -1, -1, -1, -1, 5], [-1, -1, 3, -1, -1, 3, -1], [0, 1, -1, -1, -1, 3, -1], [0, -1, -1, 1, -1, 3, -1], [-1, 1, 2, -1, -1, 3, -1], [-1, 1, -1, -1, 1, 3, -1], [-1, -1, 2, -1, 1, 3, -1], [-1, -1, -1, 1, 1, 3, -1]]
90 11 
 [[-1, -1, -1, -1, -1, 4, -1], [-1, -1, -1, -1, -1, 5, -1], [-1, -1, -1, -1, -1, -1, 4], [-1, -1, -1, -1, -1, -1, 5], [-1, -1, 3, -1, -1, 3, -1], [0, 1, -1, -1, -1, 3, -1], [0, -1, -1, 1, -1, 3, -1], [-1, 1, 2, -1, -1, 3, -1], [-1, 1, -1, -1, 1, 3, -1], [-1, -1, 2, -1, 1, 3, -1], [-1, -1, -1, 1, 1, 3, -1]]
100 11 
 [[-1, -1, -1, -1, -1, 4, -1], [-1, -1, -1, -1, -1, 5, -1], [-1, -1, -1, -1, -1, -1, 4], [-1, -1, -1, -1, -1, -1, 5], [-1, -1, 3, -1, -1, 3, -1], [0, 1, -1, -1, -1, 3, -1], [0, -1, -1, 1, -1, 3, -1], [-1, 1, 2, -1, -1, 3, -1], [-1, 1, -1, -1, 1, 3, -1], [-1, -1, 2, -1, 1, 3, -1], [-1, -1, -1, 1, 1, 3, -1]]
